Prompt ID,Demonstration IDs in prompt,Example ID,Loss of correct answer,Correct prediction
0,[53],0,0.397689551115036,0
0,[53],1,0.6424819827079773,0
0,[53],2,0.3914928734302521,0
0,[53],3,0.17409364879131317,0
0,[53],4,0.2994779050350189,0
0,[53],5,0.2677127718925476,0
0,[53],6,1.0395535230636597,0
0,[53],7,0.6453044414520264,0
0,[53],8,0.10693952441215515,1
0,[53],9,0.36701053380966187,0
0,[53],10,0.2577081322669983,0
0,[53],11,0.11481738090515137,1
0,[53],12,0.15424686670303345,0
0,[53],13,0.7076362371444702,0
0,[53],14,0.09885791689157486,1
0,[53],15,0.24909324944019318,0
0,[53],16,0.29073312878608704,0
0,[53],17,0.32560819387435913,0
0,[53],18,0.4862714111804962,0
0,[53],19,0.4674544930458069,0
0,[53],20,0.24425667524337769,0
0,[53],21,0.6714662909507751,1
0,[53],22,0.5478404760360718,1
0,[53],23,0.7002410888671875,0
0,[53],24,0.21579161286354065,1
0,[53],25,0.22129777073860168,0
0,[53],26,0.4259161055088043,1
0,[53],27,0.08008576929569244,1
0,[53],28,0.6353104114532471,0
0,[53],29,0.15433870255947113,1
0,[53],30,0.1210479661822319,1
0,[53],31,0.3060759902000427,1
0,[53],32,0.2778984010219574,1
0,[53],33,0.30245688557624817,1
0,[53],34,0.12904036045074463,0
0,[53],35,0.562899112701416,0
0,[53],36,0.14162638783454895,0
0,[53],37,0.325094610452652,0
0,[53],38,0.15467220544815063,1
0,[53],39,0.49831390380859375,0
0,[53],40,0.06309178471565247,1
0,[53],41,0.19025087356567383,0
0,[53],42,0.19747434556484222,0
0,[53],43,0.1743723601102829,0
0,[53],44,0.40608516335487366,0
0,[53],45,0.3139593303203583,0
0,[53],46,0.34961068630218506,0
0,[53],47,0.08925269544124603,1
0,[53],48,0.08015517890453339,1
0,[53],49,0.07330095022916794,1
0,[53],50,0.3065284192562103,1
0,[53],51,0.3259926438331604,1
0,[53],52,0.017977159470319748,1
0,[53],54,0.356324702501297,0
0,[53],55,0.6864842772483826,0
0,[53],56,0.4638396203517914,0
0,[53],57,0.16720306873321533,1
0,[53],58,0.13102056086063385,1
0,[53],59,0.44145938754081726,0
1,[4],0,0.14003947377204895,1
1,[4],1,0.14116887748241425,1
1,[4],2,0.11193329095840454,1
1,[4],3,0.06083036586642265,1
1,[4],5,0.02721150405704975,1
1,[4],6,0.34021830558776855,0
1,[4],7,0.15109016001224518,1
1,[4],8,0.05344463512301445,1
1,[4],9,0.2963252663612366,0
1,[4],10,0.2589779496192932,0
1,[4],11,0.13476261496543884,0
1,[4],12,0.07105424255132675,1
1,[4],13,0.14144206047058105,1
1,[4],14,0.13492998480796814,1
1,[4],15,0.12813977897167206,1
1,[4],16,0.1431867927312851,1
1,[4],17,0.13471730053424835,1
1,[4],18,0.12789437174797058,1
1,[4],19,0.11165079474449158,1
1,[4],20,0.1911979466676712,0
1,[4],21,0.24534212052822113,0
1,[4],22,0.2000221312046051,0
1,[4],23,0.8051243424415588,0
1,[4],24,0.06643182784318924,1
1,[4],25,0.07542601972818375,1
1,[4],26,0.21325986087322235,1
1,[4],27,0.06993546336889267,1
1,[4],28,0.2716887593269348,0
1,[4],29,0.1468563675880432,1
1,[4],30,0.18540708720684052,0
1,[4],31,0.23684599995613098,0
1,[4],32,0.2509703040122986,0
1,[4],33,0.24289655685424805,0
1,[4],34,0.11002995818853378,1
1,[4],35,0.13821078836917877,0
1,[4],36,0.16228386759757996,1
1,[4],37,0.1441642791032791,1
1,[4],38,0.4034501314163208,0
1,[4],39,0.26855435967445374,0
1,[4],40,0.29821842908859253,0
1,[4],41,0.17151929438114166,1
1,[4],42,0.10765006393194199,1
1,[4],43,0.11371978372335434,1
1,[4],44,0.14307935535907745,0
1,[4],45,0.09095180779695511,1
1,[4],46,0.31717729568481445,0
1,[4],47,0.10315605252981186,1
1,[4],48,0.19683972001075745,0
1,[4],49,0.09536401927471161,1
1,[4],50,0.4153521955013275,0
1,[4],51,0.4690297245979309,0
1,[4],52,0.12932606041431427,1
1,[4],53,0.10207504034042358,1
1,[4],54,0.06396152824163437,1
1,[4],55,0.07194044440984726,1
1,[4],56,0.12790623307228088,1
1,[4],57,0.12469494342803955,1
1,[4],58,0.05051497370004654,1
1,[4],59,0.7265755534172058,0
2,[20],0,0.28884753584861755,0
2,[20],1,0.5657069683074951,0
2,[20],2,0.3072790503501892,0
2,[20],3,0.09040354192256927,1
2,[20],4,0.26727989315986633,0
2,[20],5,0.14188075065612793,0
2,[20],6,0.6399492025375366,0
2,[20],7,0.5470272302627563,0
2,[20],8,0.11322558671236038,1
2,[20],9,0.3741397559642792,0
2,[20],10,0.3241126239299774,0
2,[20],11,0.1427474319934845,1
2,[20],12,0.1829877346754074,0
2,[20],13,0.48230570554733276,0
2,[20],14,0.26701852679252625,0
2,[20],15,0.24002723395824432,0
2,[20],16,0.34221693873405457,0
2,[20],17,0.3146830201148987,0
2,[20],18,0.31105944514274597,0
2,[20],19,0.3764723837375641,0
2,[20],21,0.3541084825992584,0
2,[20],22,0.1979372799396515,1
2,[20],23,0.6996244192123413,0
2,[20],24,0.20410510897636414,0
2,[20],25,0.21378867328166962,0
2,[20],26,0.3492468595504761,1
2,[20],27,0.06782574206590652,1
2,[20],28,0.5581804513931274,0
2,[20],29,0.06369924545288086,1
2,[20],30,0.2256339192390442,1
2,[20],31,0.21100476384162903,1
2,[20],32,0.2041616588830948,1
2,[20],33,0.21854986250400543,1
2,[20],34,0.2522585093975067,0
2,[20],35,0.4940680265426636,0
2,[20],36,0.22680369019508362,0
2,[20],37,0.2123907506465912,0
2,[20],38,0.2148987352848053,0
2,[20],39,0.462958961725235,0
2,[20],40,0.11421729624271393,1
2,[20],41,0.21567878127098083,0
2,[20],42,0.21950463950634003,0
2,[20],43,0.13935913145542145,1
2,[20],44,0.27034661173820496,0
2,[20],45,0.2964150607585907,0
2,[20],46,0.6279167532920837,0
2,[20],47,0.12963002920150757,1
2,[20],48,0.185588538646698,1
2,[20],49,0.05918792262673378,1
2,[20],50,0.3643322288990021,0
2,[20],51,0.36001870036125183,0
2,[20],52,0.10348403453826904,1
2,[20],53,0.09121620655059814,1
2,[20],54,0.1930120885372162,0
2,[20],55,0.49459463357925415,0
2,[20],56,0.3513251841068268,0
2,[20],57,0.06561779975891113,1
2,[20],58,0.12296220660209656,1
2,[20],59,0.9323570132255554,0
3,[45],0,0.21264846622943878,0
3,[45],1,0.19228971004486084,1
3,[45],2,0.1386769711971283,1
3,[45],3,0.1409413367509842,1
3,[45],4,0.18095074594020844,1
3,[45],5,0.07698582112789154,1
3,[45],6,0.5524423718452454,0
3,[45],7,0.3121662437915802,0
3,[45],8,0.07656029611825943,1
3,[45],9,0.3698352575302124,0
3,[45],10,0.26879480481147766,0
3,[45],11,0.09227006882429123,1
3,[45],12,0.17560024559497833,1
3,[45],13,0.4932454228401184,0
3,[45],14,0.243189737200737,1
3,[45],15,0.13188038766384125,1
3,[45],16,0.3551173806190491,0
3,[45],17,0.35841861367225647,1
3,[45],18,0.36217978596687317,1
3,[45],19,0.13098138570785522,1
3,[45],20,0.24502049386501312,0
3,[45],21,0.43651047348976135,0
3,[45],22,0.2882707715034485,0
3,[45],23,1.0793309211730957,0
3,[45],24,0.14214059710502625,1
3,[45],25,0.154316246509552,1
3,[45],26,0.31816285848617554,0
3,[45],27,0.08931120485067368,1
3,[45],28,0.3526277542114258,0
3,[45],29,0.1723555326461792,1
3,[45],30,0.2578112483024597,0
3,[45],31,0.2935868799686432,0
3,[45],32,0.3288481831550598,0
3,[45],33,0.3093528151512146,0
3,[45],34,0.2931206226348877,0
3,[45],35,0.17021477222442627,0
3,[45],36,0.20954015851020813,0
3,[45],37,0.17372335493564606,1
3,[45],38,0.2656244933605194,0
3,[45],39,0.4522845447063446,0
3,[45],40,0.4269181191921234,0
3,[45],41,0.13697129487991333,1
3,[45],42,0.12118658423423767,1
3,[45],43,0.1259833127260208,1
3,[45],44,0.26061928272247314,0
3,[45],46,0.4817725419998169,0
3,[45],47,0.1495724320411682,1
3,[45],48,0.22087222337722778,0
3,[45],49,0.19482538104057312,1
3,[45],50,0.388484388589859,0
3,[45],51,0.42745351791381836,0
3,[45],52,0.16457892954349518,1
3,[45],53,0.13552123308181763,1
3,[45],54,0.14298048615455627,1
3,[45],55,0.13628076016902924,1
3,[45],56,0.16511939465999603,1
3,[45],57,0.280805379152298,1
3,[45],58,0.0846962034702301,1
3,[45],59,0.7106931209564209,0
4,[58],0,0.27547726035118103,0
4,[58],1,0.35182327032089233,0
4,[58],2,0.1998751163482666,0
4,[58],3,0.09112463891506195,1
4,[58],4,0.23379485309123993,1
4,[58],5,0.06847385317087173,1
4,[58],6,0.4815584719181061,0
4,[58],7,0.4600955843925476,0
4,[58],8,0.05203000456094742,1
4,[58],9,0.5656949281692505,0
4,[58],10,0.26157277822494507,0
4,[58],11,0.12476397305727005,1
4,[58],12,0.12031734734773636,1
4,[58],13,0.4304470121860504,0
4,[58],14,0.2863353192806244,1
4,[58],15,0.08640236407518387,1
4,[58],16,0.20866622030735016,0
4,[58],17,0.22285018861293793,1
4,[58],18,0.22356519103050232,1
4,[58],19,0.17044660449028015,1
4,[58],20,0.23148243129253387,0
4,[58],21,0.7080553770065308,0
4,[58],22,0.27701616287231445,0
4,[58],23,0.9031394720077515,0
4,[58],24,0.1699400097131729,1
4,[58],25,0.17676229774951935,1
4,[58],26,0.3493160605430603,1
4,[58],27,0.07775217294692993,1
4,[58],28,0.36803463101387024,0
4,[58],29,0.1642255038022995,1
4,[58],30,0.20807082951068878,1
4,[58],31,0.27519690990448,0
4,[58],32,0.21550552546977997,0
4,[58],33,0.2660248279571533,0
4,[58],34,0.15273568034172058,1
4,[58],35,0.3010390102863312,0
4,[58],36,0.13922682404518127,1
4,[58],37,0.16864322125911713,1
4,[58],38,0.19620531797409058,0
4,[58],39,0.2995137572288513,0
4,[58],40,0.30305781960487366,0
4,[58],41,0.1525692343711853,1
4,[58],42,0.13650107383728027,1
4,[58],43,0.09705382585525513,1
4,[58],44,0.20622119307518005,1
4,[58],45,0.21102029085159302,0
4,[58],46,0.30458927154541016,0
4,[58],47,0.20753031969070435,0
4,[58],48,0.15315477550029755,1
4,[58],49,0.14184363186359406,1
4,[58],50,0.43813085556030273,0
4,[58],51,0.49226322770118713,0
4,[58],52,0.15077903866767883,1
4,[58],53,0.11610249429941177,1
4,[58],54,0.1372966468334198,1
4,[58],55,0.32593610882759094,0
4,[58],56,0.1958625316619873,1
4,[58],57,0.22261622548103333,1
4,[58],59,0.25800472497940063,1
5,[19],0,0.1487158089876175,0
5,[19],1,0.19852718710899353,1
5,[19],2,0.1630985140800476,0
5,[19],3,0.08011384308338165,1
5,[19],4,0.15092293918132782,1
5,[19],5,0.06737912446260452,1
5,[19],6,0.7212809324264526,0
5,[19],7,0.20061610639095306,0
5,[19],8,0.11702632904052734,1
5,[19],9,0.29414597153663635,0
5,[19],10,0.335895836353302,0
5,[19],11,0.14488032460212708,1
5,[19],12,0.13665913045406342,1
5,[19],13,0.182096466422081,1
5,[19],14,0.15205118060112,1
5,[19],15,0.08836258202791214,1
5,[19],16,0.18505796790122986,0
5,[19],17,0.18554596602916718,1
5,[19],18,0.19469748437404633,1
5,[19],20,0.21819427609443665,1
5,[19],21,0.4814247190952301,0
5,[19],22,0.22824633121490479,0
5,[19],23,0.9939054250717163,0
5,[19],24,0.12851016223430634,1
5,[19],25,0.12166787683963776,1
5,[19],26,0.2681605815887451,0
5,[19],27,0.11856457591056824,1
5,[19],28,0.282370388507843,0
5,[19],29,0.12635129690170288,1
5,[19],30,0.19404886662960052,0
5,[19],31,0.22503598034381866,0
5,[19],32,0.22259820997714996,0
5,[19],33,0.21957427263259888,0
5,[19],34,0.21382606029510498,0
5,[19],35,0.15431427955627441,0
5,[19],36,0.1846919059753418,0
5,[19],37,0.16474343836307526,1
5,[19],38,0.35753393173217773,0
5,[19],39,0.3265853524208069,0
5,[19],40,0.34768012166023254,0
5,[19],41,0.24380993843078613,0
5,[19],42,0.18598054349422455,1
5,[19],43,0.19246183335781097,1
5,[19],44,0.16083842515945435,1
5,[19],45,0.12925182282924652,1
5,[19],46,0.48758843541145325,0
5,[19],47,0.13922862708568573,1
5,[19],48,0.1621890813112259,0
5,[19],49,0.1796647310256958,0
5,[19],50,0.4516163170337677,0
5,[19],51,0.49637851119041443,0
5,[19],52,0.14111654460430145,0
5,[19],53,0.10928243398666382,1
5,[19],54,0.10358681529760361,1
5,[19],55,0.10847892612218857,1
5,[19],56,0.20634372532367706,0
5,[19],57,0.19900083541870117,1
5,[19],58,0.07968829572200775,1
5,[19],59,0.4598907232284546,0
6,[14],0,0.3191332221031189,0
6,[14],1,0.4716051518917084,0
6,[14],2,0.2420283406972885,0
6,[14],3,0.12230279296636581,0
6,[14],4,0.22061465680599213,0
6,[14],5,0.1072450578212738,1
6,[14],6,0.7012677192687988,0
6,[14],7,0.370135098695755,0
6,[14],8,0.09209657460451126,1
6,[14],9,0.3247615694999695,0
6,[14],10,0.24362778663635254,0
6,[14],11,0.12457817047834396,1
6,[14],12,0.14910660684108734,1
6,[14],13,0.4653814435005188,0
6,[14],15,0.235287606716156,1
6,[14],16,0.32046934962272644,0
6,[14],17,0.30159637331962585,1
6,[14],18,0.3544204533100128,0
6,[14],19,0.23393970727920532,0
6,[14],20,0.1928926408290863,1
6,[14],21,0.5342445969581604,0
6,[14],22,0.35565832257270813,0
6,[14],23,0.741475522518158,0
6,[14],24,0.18562856316566467,1
6,[14],25,0.16025732457637787,1
6,[14],26,0.2606644332408905,1
6,[14],27,0.10962618142366409,1
6,[14],28,0.4372383654117584,0
6,[14],29,0.11389973014593124,1
6,[14],30,0.3501311242580414,0
6,[14],31,0.3843790292739868,0
6,[14],32,0.33796462416648865,0
6,[14],33,0.3828442394733429,0
6,[14],34,0.2544720470905304,0
6,[14],35,0.25565478205680847,0
6,[14],36,0.2475697100162506,0
6,[14],37,0.246567964553833,0
6,[14],38,0.19668059051036835,0
6,[14],39,0.45077481865882874,0
6,[14],40,0.24473682045936584,1
6,[14],41,0.16856923699378967,1
6,[14],42,0.1286858171224594,1
6,[14],43,0.13582555949687958,1
6,[14],44,0.22557507455348969,1
6,[14],45,0.22050966322422028,0
6,[14],46,0.439376562833786,0
6,[14],47,0.16039812564849854,1
6,[14],48,0.1345413774251938,1
6,[14],49,0.15023285150527954,1
6,[14],50,0.28717780113220215,1
6,[14],51,0.28771457076072693,1
6,[14],52,0.12125996500253677,1
6,[14],53,0.09596109390258789,1
6,[14],54,0.16371262073516846,1
6,[14],55,0.3450966477394104,0
6,[14],56,0.23815850913524628,0
6,[14],57,0.16504603624343872,1
6,[14],58,0.06232212111353874,1
6,[14],59,0.6039006114006042,0
7,[1],0,0.10156258195638657,1
7,[1],2,0.0843842625617981,1
7,[1],3,0.12667083740234375,1
7,[1],4,0.1691303700208664,1
7,[1],5,0.12059234082698822,1
7,[1],6,0.41079187393188477,0
7,[1],7,0.3257278501987457,0
7,[1],8,0.10052601248025894,1
7,[1],9,0.3757537305355072,0
7,[1],10,0.2984583079814911,0
7,[1],11,0.1664356142282486,1
7,[1],12,0.1878313571214676,1
7,[1],13,0.3754982054233551,1
7,[1],14,0.2045399248600006,1
7,[1],15,0.2089398056268692,1
7,[1],16,0.45969727635383606,0
7,[1],17,0.4432993233203888,1
7,[1],18,0.43960249423980713,1
7,[1],19,0.21727271378040314,1
7,[1],20,0.3437666594982147,0
7,[1],21,0.6988044381141663,0
7,[1],22,0.4553859233856201,0
7,[1],23,0.9501982927322388,0
7,[1],24,0.18056081235408783,1
7,[1],25,0.1864754855632782,1
7,[1],26,0.409532368183136,0
7,[1],27,0.13347949087619781,1
7,[1],28,0.43350741267204285,0
7,[1],29,0.21379904448986053,1
7,[1],30,0.327796071767807,0
7,[1],31,0.3712431490421295,0
7,[1],32,0.3707059621810913,0
7,[1],33,0.3874756991863251,0
7,[1],34,0.3520035743713379,0
7,[1],35,0.2652609050273895,0
7,[1],36,0.24925561249256134,0
7,[1],37,0.2142455130815506,1
7,[1],38,0.27500346302986145,0
7,[1],39,0.3163670301437378,0
7,[1],40,0.4085715413093567,0
7,[1],41,0.2663358151912689,1
7,[1],42,0.21280093491077423,1
7,[1],43,0.19125200808048248,1
7,[1],44,0.2275107502937317,1
7,[1],45,0.19901934266090393,1
7,[1],46,0.7690566182136536,0
7,[1],47,0.22532309591770172,0
7,[1],48,0.2908746302127838,0
7,[1],49,0.16122481226921082,1
7,[1],50,0.556668221950531,0
7,[1],51,0.5943182706832886,0
7,[1],52,0.16420041024684906,1
7,[1],53,0.13052256405353546,1
7,[1],54,0.18721628189086914,1
7,[1],55,0.25612765550613403,0
7,[1],56,0.26743999123573303,1
7,[1],57,0.268960565328598,1
7,[1],58,0.14848846197128296,1
7,[1],59,0.7289904952049255,0
8,[6],0,0.354173868894577,0
8,[6],1,0.31756672263145447,0
8,[6],2,0.302640438079834,0
8,[6],3,0.1603589653968811,1
8,[6],4,0.1888033151626587,1
8,[6],5,0.12735417485237122,1
8,[6],7,0.24659954011440277,1
8,[6],8,0.13739827275276184,1
8,[6],9,0.37743905186653137,0
8,[6],10,0.23913238942623138,1
8,[6],11,0.16191478073596954,1
8,[6],12,0.12947049736976624,1
8,[6],13,0.3659345209598541,1
8,[6],14,0.20373894274234772,1
8,[6],15,0.2610485851764679,1
8,[6],16,0.35270172357559204,1
8,[6],17,0.3623187839984894,1
8,[6],18,0.3731364905834198,1
8,[6],19,0.22027206420898438,1
8,[6],20,0.3368869125843048,1
8,[6],21,0.47060146927833557,0
8,[6],22,0.42914271354675293,1
8,[6],23,0.8797889947891235,0
8,[6],24,0.20305243134498596,1
8,[6],25,0.17926636338233948,1
8,[6],26,0.3756132125854492,1
8,[6],27,0.10425736010074615,1
8,[6],28,0.3950449526309967,0
8,[6],29,0.19882704317569733,1
8,[6],30,0.3311741352081299,1
8,[6],31,0.30910545587539673,0
8,[6],32,0.32119300961494446,0
8,[6],33,0.316179096698761,0
8,[6],34,0.28985151648521423,0
8,[6],35,0.1243482381105423,1
8,[6],36,0.33021360635757446,0
8,[6],37,0.08426599204540253,1
8,[6],38,0.4243548512458801,0
8,[6],39,0.3962410092353821,0
8,[6],40,0.289614200592041,0
8,[6],41,0.21330508589744568,1
8,[6],42,0.16476953029632568,1
8,[6],43,0.22215354442596436,1
8,[6],44,0.2502400577068329,1
8,[6],45,0.1744382381439209,1
8,[6],46,0.5177898406982422,0
8,[6],47,0.16359832882881165,1
8,[6],48,0.224668949842453,1
8,[6],49,0.10928035527467728,1
8,[6],50,0.3064143657684326,0
8,[6],51,0.30571484565734863,1
8,[6],52,0.16522178053855896,1
8,[6],53,0.1379004716873169,1
8,[6],54,0.21697278320789337,1
8,[6],55,0.28622278571128845,0
8,[6],56,0.20612983405590057,1
8,[6],57,0.24678762257099152,1
8,[6],58,0.09618707746267319,1
8,[6],59,0.6815300583839417,0
9,[57],0,0.4084419310092926,0
9,[57],1,0.8193105459213257,0
9,[57],2,0.4224261939525604,0
9,[57],3,0.11356199532747269,1
9,[57],4,0.36377060413360596,0
9,[57],5,0.1905485987663269,0
9,[57],6,1.1084239482879639,0
9,[57],7,0.8009206652641296,0
9,[57],8,0.1901244819164276,1
9,[57],9,0.4018767476081848,0
9,[57],10,0.21121232211589813,0
9,[57],11,0.21594631671905518,1
9,[57],12,0.22363145649433136,0
9,[57],13,0.3884437084197998,0
9,[57],14,0.37476664781570435,0
9,[57],15,0.1899372935295105,0
9,[57],16,0.41261351108551025,0
9,[57],17,0.38341695070266724,0
9,[57],18,0.36883437633514404,0
9,[57],19,0.3720877170562744,0
9,[57],20,0.17636975646018982,1
9,[57],21,1.0296939611434937,0
9,[57],22,0.34883376955986023,1
9,[57],23,0.4942522943019867,0
9,[57],24,0.22663433849811554,0
9,[57],25,0.22944657504558563,0
9,[57],26,0.33506089448928833,1
9,[57],27,0.030604099854826927,1
9,[57],28,0.44993874430656433,0
9,[57],29,0.2948459982872009,1
9,[57],30,0.23382078111171722,0
9,[57],31,0.17576327919960022,1
9,[57],32,0.1800728738307953,1
9,[57],33,0.18678687512874603,1
9,[57],34,0.16896507143974304,0
9,[57],35,0.7181798219680786,0
9,[57],36,0.29869624972343445,0
9,[57],37,0.36559829115867615,0
9,[57],38,0.30998456478118896,0
9,[57],39,0.7262617945671082,0
9,[57],40,0.0775003656744957,1
9,[57],41,0.2557830512523651,0
9,[57],42,0.24626319110393524,0
9,[57],43,0.24948382377624512,0
9,[57],44,0.39808210730552673,0
9,[57],45,0.361908495426178,0
9,[57],46,0.8048434257507324,0
9,[57],47,0.0625421330332756,1
9,[57],48,0.08617530763149261,1
9,[57],49,0.030272357165813446,1
9,[57],50,0.5436694025993347,1
9,[57],51,0.5526252388954163,1
9,[57],52,0.0472315289080143,1
9,[57],53,0.04044304043054581,1
9,[57],54,0.3841905891895294,0
9,[57],55,0.6109340786933899,0
9,[57],56,0.4934038817882538,0
9,[57],58,0.07953015714883804,1
9,[57],59,0.7536874413490295,0
10,[52],0,0.413179874420166,0
10,[52],1,0.6921117305755615,0
10,[52],2,0.41914474964141846,0
10,[52],3,0.20567244291305542,0
10,[52],4,0.31119751930236816,1
10,[52],5,0.28150540590286255,0
10,[52],6,1.0217198133468628,0
10,[52],7,0.6750893592834473,0
10,[52],8,0.1478482484817505,1
10,[52],9,0.3776420056819916,0
10,[52],10,0.2907545268535614,0
10,[52],11,0.1250019520521164,1
10,[52],12,0.15314148366451263,0
10,[52],13,0.83851158618927,0
10,[52],14,0.15625622868537903,1
10,[52],15,0.28944942355155945,0
10,[52],16,0.3009386360645294,0
10,[52],17,0.3407369554042816,1
10,[52],18,0.5561187267303467,0
10,[52],19,0.4936111271381378,0
10,[52],20,0.2349928915500641,0
10,[52],21,0.685291588306427,1
10,[52],22,0.5529611110687256,1
10,[52],23,0.7591065764427185,0
10,[52],24,0.20185768604278564,1
10,[52],25,0.23133178055286407,0
10,[52],26,0.41141051054000854,1
10,[52],27,0.08459870517253876,1
10,[52],28,0.651448130607605,0
10,[52],29,0.1967439502477646,1
10,[52],30,0.15609003603458405,1
10,[52],31,0.3635241389274597,1
10,[52],32,0.316331148147583,1
10,[52],33,0.3785678744316101,0
10,[52],34,0.15609806776046753,0
10,[52],35,0.5346668362617493,0
10,[52],36,0.17755676805973053,0
10,[52],37,0.31411290168762207,0
10,[52],38,0.24789336323738098,0
10,[52],39,0.4837091863155365,0
10,[52],40,0.07369434833526611,1
10,[52],41,0.22829709947109222,0
10,[52],42,0.22706158459186554,0
10,[52],43,0.1676657646894455,0
10,[52],44,0.41367197036743164,0
10,[52],45,0.3485485315322876,0
10,[52],46,0.4150986969470978,0
10,[52],47,0.1045258417725563,1
10,[52],48,0.10271046310663223,1
10,[52],49,0.06842634081840515,1
10,[52],50,0.3210919201374054,1
10,[52],51,0.34033313393592834,1
10,[52],53,0.01635049283504486,1
10,[52],54,0.3313796818256378,0
10,[52],55,0.7182348966598511,0
10,[52],56,0.5285616517066956,0
10,[52],57,0.17992369830608368,1
10,[52],58,0.15602247416973114,1
10,[52],59,0.5931272506713867,0
11,[38],0,0.2941730320453644,0
11,[38],1,0.45927831530570984,0
11,[38],2,0.20909416675567627,1
11,[38],3,0.1533697098493576,0
11,[38],4,0.20550629496574402,1
11,[38],5,0.09794081747531891,1
11,[38],6,0.4987061023712158,0
11,[38],7,0.4167083501815796,0
11,[38],8,0.10482928156852722,1
11,[38],9,0.3486465811729431,0
11,[38],10,0.2108697146177292,0
11,[38],11,0.11884397268295288,1
11,[38],12,0.13259823620319366,1
11,[38],13,0.4699171483516693,0
11,[38],14,0.13449448347091675,1
11,[38],15,0.18606120347976685,1
11,[38],16,0.42225930094718933,0
11,[38],17,0.4108112156391144,1
11,[38],18,0.4207313358783722,1
11,[38],19,0.18875283002853394,1
11,[38],20,0.3505878150463104,0
11,[38],21,0.48764458298683167,0
11,[38],22,0.3092283606529236,1
11,[38],23,0.7773603796958923,0
11,[38],24,0.15826520323753357,1
11,[38],25,0.1752302199602127,1
11,[38],26,0.3469299077987671,0
11,[38],27,0.07654989510774612,1
11,[38],28,0.393324613571167,0
11,[38],29,0.13835830986499786,1
11,[38],30,0.24219781160354614,1
11,[38],31,0.29028379917144775,0
11,[38],32,0.2681353986263275,0
11,[38],33,0.3059336841106415,0
11,[38],34,0.2627081871032715,0
11,[38],35,0.31919705867767334,0
11,[38],36,0.0550871305167675,1
11,[38],37,0.16121216118335724,0
11,[38],39,0.5071112513542175,0
11,[38],40,0.21834821999073029,1
11,[38],41,0.15305238962173462,1
11,[38],42,0.12590445578098297,1
11,[38],43,0.25368350744247437,0
11,[38],44,0.2614343762397766,0
11,[38],45,0.18535543978214264,1
11,[38],46,0.36425188183784485,0
11,[38],47,0.22702299058437347,0
11,[38],48,0.15096737444400787,1
11,[38],49,0.10143940150737762,1
11,[38],50,0.3781571686267853,0
11,[38],51,0.3908715844154358,0
11,[38],52,0.15348072350025177,1
11,[38],53,0.12247099727392197,1
11,[38],54,0.1793663203716278,1
11,[38],55,0.36643511056900024,0
11,[38],56,0.23551078140735626,1
11,[38],57,0.19347833096981049,1
11,[38],58,0.0745302140712738,1
11,[38],59,0.678167998790741,0
12,[7],0,0.14624817669391632,1
12,[7],1,0.1438477337360382,1
12,[7],2,0.08446541428565979,1
12,[7],3,0.0943288505077362,1
12,[7],4,0.10255011916160583,1
12,[7],5,0.06713516265153885,1
12,[7],6,0.35794252157211304,0
12,[7],8,0.051598403602838516,1
12,[7],9,0.3321310877799988,0
12,[7],10,0.2850363850593567,0
12,[7],11,0.18824131786823273,0
12,[7],12,0.16588057577610016,1
12,[7],13,0.3438863456249237,0
12,[7],14,0.23189334571361542,1
12,[7],15,0.1350940614938736,1
12,[7],16,0.25181862711906433,1
12,[7],17,0.2329767644405365,1
12,[7],18,0.25890615582466125,1
12,[7],19,0.16037854552268982,1
12,[7],20,0.2629457712173462,0
12,[7],21,0.662331223487854,0
12,[7],22,0.24459747970104218,0
12,[7],23,0.7711858153343201,0
12,[7],24,0.14397892355918884,1
12,[7],25,0.14933893084526062,1
12,[7],26,0.2922743260860443,0
12,[7],27,0.1221800148487091,1
12,[7],28,0.28768667578697205,0
12,[7],29,0.17811164259910583,1
12,[7],30,0.26793918013572693,1
12,[7],31,0.2565711736679077,0
12,[7],32,0.25376513600349426,0
12,[7],33,0.2641919255256653,0
12,[7],34,0.24987180531024933,0
12,[7],35,0.13914580643177032,0
12,[7],36,0.17155347764492035,1
12,[7],37,0.1423080712556839,1
12,[7],38,0.34795546531677246,0
12,[7],39,0.2837628722190857,0
12,[7],40,0.4265466630458832,0
12,[7],41,0.19741830229759216,0
12,[7],42,0.1530180126428604,1
12,[7],43,0.24058330059051514,0
12,[7],44,0.1554020792245865,1
12,[7],45,0.15954695641994476,1
12,[7],46,0.6642575263977051,0
12,[7],47,0.2526538670063019,0
12,[7],48,0.25005167722702026,0
12,[7],49,0.13365626335144043,1
12,[7],50,0.5087530016899109,0
12,[7],51,0.5780676007270813,0
12,[7],52,0.19270189106464386,1
12,[7],53,0.14233385026454926,1
12,[7],54,0.11365024745464325,1
12,[7],55,0.11300947517156601,1
12,[7],56,0.2310420125722885,0
12,[7],57,0.17260080575942993,1
12,[7],58,0.08299282938241959,1
12,[7],59,0.3787548840045929,0
13,[49],0,0.6001023054122925,0
13,[49],1,0.9205232262611389,0
13,[49],2,0.33529821038246155,0
13,[49],3,0.14678402245044708,0
13,[49],4,0.36729058623313904,1
13,[49],5,0.20461595058441162,0
13,[49],6,1.1391208171844482,0
13,[49],7,0.6671640872955322,0
13,[49],8,0.1618620604276657,1
13,[49],9,0.4829445481300354,0
13,[49],10,0.3136657178401947,0
13,[49],11,0.16942383348941803,1
13,[49],12,0.10169849544763565,1
13,[49],13,0.537115216255188,0
13,[49],14,0.3009108901023865,1
13,[49],15,0.16477881371974945,1
13,[49],16,0.346422404050827,0
13,[49],17,0.33812105655670166,0
13,[49],18,0.33799871802330017,0
13,[49],19,0.3777120113372803,0
13,[49],20,0.21892544627189636,1
13,[49],21,0.7521479725837708,0
13,[49],22,0.4378593862056732,1
13,[49],23,0.6459903120994568,0
13,[49],24,0.28833407163619995,0
13,[49],25,0.25864917039871216,0
13,[49],26,0.35903361439704895,1
13,[49],27,0.06510817259550095,1
13,[49],28,0.5960887670516968,0
13,[49],29,0.1343608945608139,1
13,[49],30,0.2117924839258194,1
13,[49],31,0.42395395040512085,0
13,[49],32,0.34845876693725586,0
13,[49],33,0.42639076709747314,0
13,[49],34,0.2051142007112503,0
13,[49],35,0.5935804843902588,0
13,[49],36,0.2695949375629425,0
13,[49],37,0.3147730827331543,0
13,[49],38,0.3292473554611206,0
13,[49],39,0.7466671466827393,0
13,[49],40,0.09877156466245651,1
13,[49],41,0.3565007448196411,0
13,[49],42,0.2815313935279846,0
13,[49],43,0.24072296917438507,0
13,[49],44,0.27283036708831787,0
13,[49],45,0.5256348252296448,0
13,[49],46,0.7223367094993591,0
13,[49],47,0.07557198405265808,1
13,[49],48,0.07187585532665253,1
13,[49],50,0.33056068420410156,1
13,[49],51,0.3519296944141388,1
13,[49],52,0.08890445530414581,1
13,[49],53,0.06940347701311111,1
13,[49],54,0.42058756947517395,0
13,[49],55,0.567558765411377,0
13,[49],56,0.4478386342525482,0
13,[49],57,0.16261309385299683,1
13,[49],58,0.12198460847139359,1
13,[49],59,0.761596143245697,0
14,[10],0,0.4124564230442047,0
14,[10],1,0.562204122543335,0
14,[10],2,0.23221455514431,0
14,[10],3,0.1574973464012146,1
14,[10],4,0.27218666672706604,0
14,[10],5,0.09718690067529678,1
14,[10],6,0.5728731751441956,0
14,[10],7,0.517031729221344,0
14,[10],8,0.09071392565965652,1
14,[10],9,0.23492732644081116,0
14,[10],11,0.09904750436544418,1
14,[10],12,0.14710307121276855,1
14,[10],13,0.48665475845336914,0
14,[10],14,0.14294923841953278,1
14,[10],15,0.10286710411310196,1
14,[10],16,0.2517302930355072,0
14,[10],17,0.2300846427679062,1
14,[10],18,0.24176257848739624,1
14,[10],19,0.1901266723871231,1
14,[10],20,0.18849828839302063,0
14,[10],21,0.6883378028869629,0
14,[10],22,0.1617685854434967,1
14,[10],23,0.5926545262336731,0
14,[10],24,0.12670859694480896,1
14,[10],25,0.1851641982793808,0
14,[10],26,0.27343103289604187,1
14,[10],27,0.06022530421614647,1
14,[10],28,0.331830233335495,0
14,[10],29,0.12262360751628876,1
14,[10],30,0.20476675033569336,1
14,[10],31,0.13684947788715363,1
14,[10],32,0.13518235087394714,1
14,[10],33,0.14700013399124146,1
14,[10],34,0.12233354151248932,1
14,[10],35,0.3854415714740753,0
14,[10],36,0.11090360581874847,1
14,[10],37,0.163218155503273,0
14,[10],38,0.14603368937969208,0
14,[10],39,0.5304954648017883,0
14,[10],40,0.18508955836296082,1
14,[10],41,0.18339820206165314,1
14,[10],42,0.13842390477657318,1
14,[10],43,0.22788675129413605,0
14,[10],44,0.25348734855651855,1
14,[10],45,0.17517606914043427,0
14,[10],46,0.2738220691680908,0
14,[10],47,0.08666680008172989,1
14,[10],48,0.07774737477302551,1
14,[10],49,0.08730531483888626,1
14,[10],50,0.29924818873405457,0
14,[10],51,0.31157568097114563,0
14,[10],52,0.11162673681974411,1
14,[10],53,0.09104602038860321,1
14,[10],54,0.1457287222146988,1
14,[10],55,0.5049088001251221,0
14,[10],56,0.2977989614009857,0
14,[10],57,0.12482728064060211,1
14,[10],58,0.060284022241830826,1
14,[10],59,0.6327233910560608,0
15,[57],0,0.4084419310092926,0
15,[57],1,0.8193105459213257,0
15,[57],2,0.4224261939525604,0
15,[57],3,0.11356199532747269,1
15,[57],4,0.36377060413360596,0
15,[57],5,0.1905485987663269,0
15,[57],6,1.1084239482879639,0
15,[57],7,0.8009206652641296,0
15,[57],8,0.1901244819164276,1
15,[57],9,0.4018767476081848,0
15,[57],10,0.21121232211589813,0
15,[57],11,0.21594631671905518,1
15,[57],12,0.22363145649433136,0
15,[57],13,0.3884437084197998,0
15,[57],14,0.37476664781570435,0
15,[57],15,0.1899372935295105,0
15,[57],16,0.41261351108551025,0
15,[57],17,0.38341695070266724,0
15,[57],18,0.36883437633514404,0
15,[57],19,0.3720877170562744,0
15,[57],20,0.17636975646018982,1
15,[57],21,1.0296939611434937,0
15,[57],22,0.34883376955986023,1
15,[57],23,0.4942522943019867,0
15,[57],24,0.22663433849811554,0
15,[57],25,0.22944657504558563,0
15,[57],26,0.33506089448928833,1
15,[57],27,0.030604099854826927,1
15,[57],28,0.44993874430656433,0
15,[57],29,0.2948459982872009,1
15,[57],30,0.23382078111171722,0
15,[57],31,0.17576327919960022,1
15,[57],32,0.1800728738307953,1
15,[57],33,0.18678687512874603,1
15,[57],34,0.16896507143974304,0
15,[57],35,0.7181798219680786,0
15,[57],36,0.29869624972343445,0
15,[57],37,0.36559829115867615,0
15,[57],38,0.30998456478118896,0
15,[57],39,0.7262617945671082,0
15,[57],40,0.0775003656744957,1
15,[57],41,0.2557830512523651,0
15,[57],42,0.24626319110393524,0
15,[57],43,0.24948382377624512,0
15,[57],44,0.39808210730552673,0
15,[57],45,0.361908495426178,0
15,[57],46,0.8048434257507324,0
15,[57],47,0.0625421330332756,1
15,[57],48,0.08617530763149261,1
15,[57],49,0.030272357165813446,1
15,[57],50,0.5436694025993347,1
15,[57],51,0.5526252388954163,1
15,[57],52,0.0472315289080143,1
15,[57],53,0.04044304043054581,1
15,[57],54,0.3841905891895294,0
15,[57],55,0.6109340786933899,0
15,[57],56,0.4934038817882538,0
15,[57],58,0.07953015714883804,1
15,[57],59,0.7536874413490295,0
16,[0],1,0.12724576890468597,1
16,[0],2,0.08062157779932022,1
16,[0],3,0.10743916034698486,1
16,[0],4,0.18089111149311066,1
16,[0],5,0.10485817492008209,1
16,[0],6,0.35098719596862793,0
16,[0],7,0.3462105095386505,0
16,[0],8,0.07688721269369125,1
16,[0],9,0.2872960567474365,1
16,[0],10,0.2734489142894745,0
16,[0],11,0.1430787295103073,1
16,[0],12,0.163992241024971,1
16,[0],13,0.40303927659988403,0
16,[0],14,0.1780928671360016,1
16,[0],15,0.19159150123596191,1
16,[0],16,0.3969447910785675,0
16,[0],17,0.3600693643093109,1
16,[0],18,0.35927700996398926,1
16,[0],19,0.22587156295776367,1
16,[0],20,0.2781807780265808,0
16,[0],21,0.5967238545417786,0
16,[0],22,0.348632276058197,0
16,[0],23,0.8559808731079102,0
16,[0],24,0.15938428044319153,1
16,[0],25,0.1788288652896881,1
16,[0],26,0.34193363785743713,1
16,[0],27,0.08256224542856216,1
16,[0],28,0.39038026332855225,0
16,[0],29,0.17808140814304352,1
16,[0],30,0.2927258312702179,0
16,[0],31,0.29724249243736267,0
16,[0],32,0.300720751285553,0
16,[0],33,0.3051619529724121,0
16,[0],34,0.27618804574012756,0
16,[0],35,0.27497127652168274,0
16,[0],36,0.22766956686973572,0
16,[0],37,0.14083896577358246,1
16,[0],38,0.30159834027290344,0
16,[0],39,0.33944371342658997,0
16,[0],40,0.4098118543624878,0
16,[0],41,0.23839135468006134,0
16,[0],42,0.15534035861492157,1
16,[0],43,0.2089518904685974,1
16,[0],44,0.21854902803897858,1
16,[0],45,0.16938120126724243,1
16,[0],46,0.6572883725166321,0
16,[0],47,0.18710799515247345,0
16,[0],48,0.26218706369400024,0
16,[0],49,0.12441078573465347,1
16,[0],50,0.4422694742679596,0
16,[0],51,0.4917786419391632,0
16,[0],52,0.14150117337703705,1
16,[0],53,0.11075595766305923,1
16,[0],54,0.16812755167484283,1
16,[0],55,0.31994473934173584,0
16,[0],56,0.2080088108778,1
16,[0],57,0.18983468413352966,1
16,[0],58,0.1070529893040657,1
16,[0],59,0.5659142136573792,0
17,[6],0,0.354173868894577,0
17,[6],1,0.31756672263145447,0
17,[6],2,0.302640438079834,0
17,[6],3,0.1603589653968811,1
17,[6],4,0.1888033151626587,1
17,[6],5,0.12735417485237122,1
17,[6],7,0.24659954011440277,1
17,[6],8,0.13739827275276184,1
17,[6],9,0.37743905186653137,0
17,[6],10,0.23913238942623138,1
17,[6],11,0.16191478073596954,1
17,[6],12,0.12947049736976624,1
17,[6],13,0.3659345209598541,1
17,[6],14,0.20373894274234772,1
17,[6],15,0.2610485851764679,1
17,[6],16,0.35270172357559204,1
17,[6],17,0.3623187839984894,1
17,[6],18,0.3731364905834198,1
17,[6],19,0.22027206420898438,1
17,[6],20,0.3368869125843048,1
17,[6],21,0.47060146927833557,0
17,[6],22,0.42914271354675293,1
17,[6],23,0.8797889947891235,0
17,[6],24,0.20305243134498596,1
17,[6],25,0.17926636338233948,1
17,[6],26,0.3756132125854492,1
17,[6],27,0.10425736010074615,1
17,[6],28,0.3950449526309967,0
17,[6],29,0.19882704317569733,1
17,[6],30,0.3311741352081299,1
17,[6],31,0.30910545587539673,0
17,[6],32,0.32119300961494446,0
17,[6],33,0.316179096698761,0
17,[6],34,0.28985151648521423,0
17,[6],35,0.1243482381105423,1
17,[6],36,0.33021360635757446,0
17,[6],37,0.08426599204540253,1
17,[6],38,0.4243548512458801,0
17,[6],39,0.3962410092353821,0
17,[6],40,0.289614200592041,0
17,[6],41,0.21330508589744568,1
17,[6],42,0.16476953029632568,1
17,[6],43,0.22215354442596436,1
17,[6],44,0.2502400577068329,1
17,[6],45,0.1744382381439209,1
17,[6],46,0.5177898406982422,0
17,[6],47,0.16359832882881165,1
17,[6],48,0.224668949842453,1
17,[6],49,0.10928035527467728,1
17,[6],50,0.3064143657684326,0
17,[6],51,0.30571484565734863,1
17,[6],52,0.16522178053855896,1
17,[6],53,0.1379004716873169,1
17,[6],54,0.21697278320789337,1
17,[6],55,0.28622278571128845,0
17,[6],56,0.20612983405590057,1
17,[6],57,0.24678762257099152,1
17,[6],58,0.09618707746267319,1
17,[6],59,0.6815300583839417,0
18,[27],0,0.29350465536117554,0
18,[27],1,0.3910829722881317,0
18,[27],2,0.18393832445144653,0
18,[27],3,0.07678412646055222,1
18,[27],4,0.19582848250865936,0
18,[27],5,0.06883957982063293,1
18,[27],6,0.4230835735797882,0
18,[27],7,0.4451979696750641,0
18,[27],8,0.04903915524482727,1
18,[27],9,0.20887497067451477,1
18,[27],10,0.11844715476036072,0
18,[27],11,0.1906358152627945,0
18,[27],12,0.15210546553134918,1
18,[27],13,0.41509151458740234,0
18,[27],14,0.1259346753358841,1
18,[27],15,0.18349534273147583,0
18,[27],16,0.21444207429885864,0
18,[27],17,0.16563725471496582,1
18,[27],18,0.16382147371768951,1
18,[27],19,0.23442848026752472,0
18,[27],20,0.12089098244905472,1
18,[27],21,0.4449004828929901,0
18,[27],22,0.08027336746454239,1
18,[27],23,0.7910099029541016,0
18,[27],24,0.09844878315925598,1
18,[27],25,0.11675350368022919,1
18,[27],26,0.13470664620399475,1
18,[27],28,0.3678991496562958,0
18,[27],29,0.04472339525818825,1
18,[27],30,0.19177325069904327,0
18,[27],31,0.17462891340255737,0
18,[27],32,0.17881329357624054,0
18,[27],33,0.17940057814121246,0
18,[27],34,0.17675088346004486,0
18,[27],35,0.2553136646747589,0
18,[27],36,0.14863555133342743,0
18,[27],37,0.19773851335048676,0
18,[27],38,0.12732136249542236,0
18,[27],39,0.48979663848876953,0
18,[27],40,0.13773244619369507,1
18,[27],41,0.15644747018814087,1
18,[27],42,0.10239657759666443,1
18,[27],43,0.19837449491024017,0
18,[27],44,0.17507554590702057,1
18,[27],45,0.2451568990945816,0
18,[27],46,0.40512728691101074,0
18,[27],47,0.09191744774580002,1
18,[27],48,0.17606477439403534,1
18,[27],49,0.044050123542547226,1
18,[27],50,0.25050127506256104,1
18,[27],51,0.22442473471164703,1
18,[27],52,0.08605446666479111,1
18,[27],53,0.074588343501091,1
18,[27],54,0.10142689943313599,1
18,[27],55,0.4779815673828125,0
18,[27],56,0.08383331447839737,1
18,[27],57,0.07674475014209747,1
18,[27],58,0.03675609081983566,1
18,[27],59,0.5701311230659485,0
19,[39],0,0.2705056667327881,0
19,[39],1,0.2934028208255768,0
19,[39],2,0.24384115636348724,1
19,[39],3,0.13411101698875427,1
19,[39],4,0.22333501279354095,1
19,[39],5,0.10771369934082031,1
19,[39],6,0.6547280550003052,0
19,[39],7,0.49844932556152344,0
19,[39],8,0.16745169460773468,1
19,[39],9,0.3345695436000824,0
19,[39],10,0.40280279517173767,0
19,[39],11,0.17685720324516296,1
19,[39],12,0.16730819642543793,1
19,[39],13,0.5395890474319458,0
19,[39],14,0.3328917324542999,1
19,[39],15,0.166185662150383,1
19,[39],16,0.40409767627716064,0
19,[39],17,0.34979620575904846,1
19,[39],18,0.3813268840312958,1
19,[39],19,0.23270243406295776,1
19,[39],20,0.40482741594314575,0
19,[39],21,0.8304258584976196,0
19,[39],22,0.39002054929733276,1
19,[39],23,1.1436923742294312,0
19,[39],24,0.20943398773670197,1
19,[39],25,0.18470188975334167,1
19,[39],26,0.37759652733802795,1
19,[39],27,0.14331920444965363,1
19,[39],28,0.5461599230766296,0
19,[39],29,0.26234981417655945,1
19,[39],30,0.3105080723762512,1
19,[39],31,0.443548321723938,0
19,[39],32,0.4117964804172516,0
19,[39],33,0.4489545226097107,0
19,[39],34,0.2926430106163025,0
19,[39],35,0.37109214067459106,0
19,[39],36,0.2973816990852356,0
19,[39],37,0.19042685627937317,1
19,[39],38,0.3847750425338745,0
19,[39],40,0.431673526763916,0
19,[39],41,0.25902730226516724,0
19,[39],42,0.22117185592651367,1
19,[39],43,0.2198966145515442,1
19,[39],44,0.21336184442043304,1
19,[39],45,0.21803855895996094,1
19,[39],46,0.5545110106468201,0
19,[39],47,0.22641979157924652,0
19,[39],48,0.266563355922699,0
19,[39],49,0.16648079454898834,1
19,[39],50,0.4317607879638672,0
19,[39],51,0.4358467161655426,0
19,[39],52,0.17680010199546814,1
19,[39],53,0.1358575075864792,1
19,[39],54,0.20104962587356567,1
19,[39],55,0.36032992601394653,0
19,[39],56,0.37897899746894836,0
19,[39],57,0.35409975051879883,1
19,[39],58,0.10738825052976608,1
19,[39],59,0.6859602928161621,0
20,[25],0,0.20042233169078827,0
20,[25],1,0.32085856795310974,0
20,[25],2,0.1326594203710556,1
20,[25],3,0.08546449989080429,1
20,[25],4,0.1224348321557045,1
20,[25],5,0.03634921461343765,1
20,[25],6,0.4164055287837982,0
20,[25],7,0.31634581089019775,0
20,[25],8,0.04263320565223694,1
20,[25],9,0.28268736600875854,0
20,[25],10,0.20607778429985046,0
20,[25],11,0.07157393544912338,1
20,[25],12,0.10202421993017197,1
20,[25],13,0.2521054148674011,1
20,[25],14,0.10922244936227798,1
20,[25],15,0.06651081889867783,1
20,[25],16,0.15686005353927612,1
20,[25],17,0.15964773297309875,1
20,[25],18,0.13659869134426117,1
20,[25],19,0.12252804636955261,1
20,[25],20,0.21939145028591156,0
20,[25],21,0.24974274635314941,0
20,[25],22,0.12391464412212372,1
20,[25],23,0.5650079250335693,0
20,[25],24,0.04097789525985718,1
20,[25],26,0.2568986117839813,1
20,[25],27,0.0652325376868248,1
20,[25],28,0.32592299580574036,0
20,[25],29,0.061368171125650406,1
20,[25],30,0.1444292664527893,1
20,[25],31,0.16590923070907593,1
20,[25],32,0.1687449812889099,1
20,[25],33,0.1793915182352066,1
20,[25],34,0.12723450362682343,1
20,[25],35,0.30386999249458313,0
20,[25],36,0.18037547171115875,1
20,[25],37,0.18987518548965454,1
20,[25],38,0.24224302172660828,0
20,[25],39,0.3086109757423401,0
20,[25],40,0.2440115213394165,0
20,[25],41,0.18883304297924042,0
20,[25],42,0.13293379545211792,1
20,[25],43,0.1492178738117218,1
20,[25],44,0.1534355729818344,0
20,[25],45,0.1211332157254219,1
20,[25],46,0.28182700276374817,0
20,[25],47,0.22031933069229126,0
20,[25],48,0.09897586703300476,1
20,[25],49,0.12726962566375732,1
20,[25],50,0.41666045784950256,0
20,[25],51,0.42751938104629517,0
20,[25],52,0.18665561079978943,0
20,[25],53,0.1566876322031021,1
20,[25],54,0.08665210008621216,1
20,[25],55,0.08028576523065567,1
20,[25],56,0.14296038448810577,1
20,[25],57,0.1478298157453537,1
20,[25],58,0.03507702797651291,1
20,[25],59,0.49126458168029785,0
21,[5],0,0.2799654006958008,0
21,[5],1,0.18576033413410187,0
21,[5],2,0.09488850086927414,1
21,[5],3,0.09114908427000046,1
21,[5],4,0.19827981293201447,1
21,[5],6,0.427901953458786,0
21,[5],7,0.19817835092544556,1
21,[5],8,0.06449113041162491,1
21,[5],9,0.2383764237165451,0
21,[5],10,0.2940669059753418,0
21,[5],11,0.10285113751888275,1
21,[5],12,0.12908263504505157,1
21,[5],13,0.21192629635334015,1
21,[5],14,0.1776743233203888,1
21,[5],15,0.12995365262031555,1
21,[5],16,0.19283223152160645,1
21,[5],17,0.19561271369457245,1
21,[5],18,0.1884576380252838,1
21,[5],19,0.10629862546920776,1
21,[5],20,0.23600980639457703,0
21,[5],21,0.37787023186683655,0
21,[5],22,0.3076951801776886,0
21,[5],23,0.7320541143417358,0
21,[5],24,0.11098586022853851,1
21,[5],25,0.11222171783447266,1
21,[5],26,0.2638722360134125,1
21,[5],27,0.11078646779060364,1
21,[5],28,0.3320651650428772,0
21,[5],29,0.09135694056749344,1
21,[5],30,0.23632948100566864,0
21,[5],31,0.2986603081226349,0
21,[5],32,0.29994872212409973,0
21,[5],33,0.3149794340133667,0
21,[5],34,0.14433492720127106,0
21,[5],35,0.17852051556110382,0
21,[5],36,0.13820675015449524,1
21,[5],37,0.16712619364261627,0
21,[5],38,0.42203155159950256,0
21,[5],39,0.32524240016937256,0
21,[5],40,0.2609238624572754,0
21,[5],41,0.19985431432724,0
21,[5],42,0.13980485498905182,1
21,[5],43,0.23279698193073273,1
21,[5],44,0.13111229240894318,1
21,[5],45,0.1449022889137268,1
21,[5],46,0.43525969982147217,0
21,[5],47,0.19129876792430878,0
21,[5],48,0.16934576630592346,0
21,[5],49,0.09354695677757263,1
21,[5],50,0.3717350661754608,0
21,[5],51,0.43124303221702576,0
21,[5],52,0.12438075244426727,1
21,[5],53,0.09308964014053345,1
21,[5],54,0.07666072994470596,1
21,[5],55,0.11699696630239487,1
21,[5],56,0.2765594720840454,0
21,[5],57,0.22675228118896484,1
21,[5],58,0.06860032677650452,1
21,[5],59,0.3882518708705902,0
22,[23],0,0.4132143557071686,0
22,[23],1,0.5950009226799011,0
22,[23],2,0.3338942229747772,0
22,[23],3,0.11217758804559708,0
22,[23],4,0.27907422184944153,0
22,[23],5,0.14974656701087952,1
22,[23],6,0.5269417762756348,0
22,[23],7,0.466551274061203,0
22,[23],8,0.1314622312784195,1
22,[23],9,0.2293470799922943,1
22,[23],10,0.285028874874115,0
22,[23],11,0.2691357731819153,0
22,[23],12,0.20140473544597626,1
22,[23],13,0.5677221417427063,0
22,[23],14,0.26639682054519653,0
22,[23],15,0.2791830897331238,0
22,[23],16,0.3289150893688202,1
22,[23],17,0.29352709650993347,1
22,[23],18,0.32527589797973633,1
22,[23],19,0.3050953447818756,0
22,[23],20,0.14559195935726166,1
22,[23],21,0.3088357746601105,1
22,[23],22,0.39908701181411743,1
22,[23],24,0.15924379229545593,1
22,[23],25,0.14378948509693146,1
22,[23],26,0.2522021234035492,1
22,[23],27,0.06689415127038956,1
22,[23],28,0.46578454971313477,0
22,[23],29,0.09428671002388,1
22,[23],30,0.3376995623111725,1
22,[23],31,0.27268552780151367,0
22,[23],32,0.2866586446762085,0
22,[23],33,0.2838602066040039,0
22,[23],34,0.28930649161338806,0
22,[23],35,0.34325042366981506,0
22,[23],36,0.2800107002258301,0
22,[23],37,0.2208898365497589,0
22,[23],38,0.21808668971061707,0
22,[23],39,0.5517432689666748,0
22,[23],40,0.141906276345253,1
22,[23],41,0.2083088755607605,1
22,[23],42,0.1909133344888687,1
22,[23],43,0.1376056969165802,1
22,[23],44,0.2257811725139618,0
22,[23],45,0.37749186158180237,0
22,[23],46,0.4974175989627838,0
22,[23],47,0.09107426553964615,1
22,[23],48,0.07343187183141708,1
22,[23],49,0.06075724959373474,1
22,[23],50,0.2725923955440521,1
22,[23],51,0.2509458363056183,1
22,[23],52,0.10075121372938156,1
22,[23],53,0.08362980931997299,1
22,[23],54,0.23901057243347168,0
22,[23],55,0.598650336265564,0
22,[23],56,0.29872626066207886,0
22,[23],57,0.13897712528705597,1
22,[23],58,0.0703204795718193,1
22,[23],59,0.7486036419868469,0
23,[24],0,0.20560185611248016,0
23,[24],1,0.30011409521102905,0
23,[24],2,0.11969713121652603,1
23,[24],3,0.07888443768024445,1
23,[24],4,0.08854736387729645,1
23,[24],5,0.05178593099117279,1
23,[24],6,0.30259034037590027,0
23,[24],7,0.3025110960006714,0
23,[24],8,0.044909507036209106,1
23,[24],9,0.2655760645866394,0
23,[24],10,0.19503076374530792,0
23,[24],11,0.06350556761026382,1
23,[24],12,0.09145477414131165,1
23,[24],13,0.25302305817604065,1
23,[24],14,0.1346741020679474,1
23,[24],15,0.09271702170372009,1
23,[24],16,0.09755801409482956,1
23,[24],17,0.10620730370283127,1
23,[24],18,0.09941866248846054,1
23,[24],19,0.14738541841506958,1
23,[24],20,0.20980821549892426,0
23,[24],21,0.2514974772930145,0
23,[24],22,0.1015496626496315,1
23,[24],23,0.5536649227142334,0
23,[24],25,0.019019443541765213,1
23,[24],26,0.23857927322387695,1
23,[24],27,0.07196012884378433,1
23,[24],28,0.3031451404094696,0
23,[24],29,0.07268063724040985,1
23,[24],30,0.15065427124500275,1
23,[24],31,0.190261110663414,0
23,[24],32,0.16834689676761627,0
23,[24],33,0.19259017705917358,0
23,[24],34,0.13347682356834412,1
23,[24],35,0.3102262020111084,0
23,[24],36,0.17944039404392242,0
23,[24],37,0.1561204493045807,1
23,[24],38,0.30062833428382874,0
23,[24],39,0.293598473072052,0
23,[24],40,0.2966896891593933,0
23,[24],41,0.20547331869602203,0
23,[24],42,0.14142268896102905,1
23,[24],43,0.14404596388339996,1
23,[24],44,0.15090367197990417,0
23,[24],45,0.10368640720844269,1
23,[24],46,0.3241468071937561,0
23,[24],47,0.2116512805223465,0
23,[24],48,0.10098220407962799,1
23,[24],49,0.10916803777217865,1
23,[24],50,0.3667515218257904,0
23,[24],51,0.3913581669330597,0
23,[24],52,0.15904274582862854,1
23,[24],53,0.133239284157753,1
23,[24],54,0.07400918006896973,1
23,[24],55,0.09529920667409897,1
23,[24],56,0.14080557227134705,1
23,[24],57,0.12198162078857422,1
23,[24],58,0.028021179139614105,1
23,[24],59,0.44327932596206665,0
24,[57],0,0.4084419310092926,0
24,[57],1,0.8193105459213257,0
24,[57],2,0.4224261939525604,0
24,[57],3,0.11356199532747269,1
24,[57],4,0.36377060413360596,0
24,[57],5,0.1905485987663269,0
24,[57],6,1.1084239482879639,0
24,[57],7,0.8009206652641296,0
24,[57],8,0.1901244819164276,1
24,[57],9,0.4018767476081848,0
24,[57],10,0.21121232211589813,0
24,[57],11,0.21594631671905518,1
24,[57],12,0.22363145649433136,0
24,[57],13,0.3884437084197998,0
24,[57],14,0.37476664781570435,0
24,[57],15,0.1899372935295105,0
24,[57],16,0.41261351108551025,0
24,[57],17,0.38341695070266724,0
24,[57],18,0.36883437633514404,0
24,[57],19,0.3720877170562744,0
24,[57],20,0.17636975646018982,1
24,[57],21,1.0296939611434937,0
24,[57],22,0.34883376955986023,1
24,[57],23,0.4942522943019867,0
24,[57],24,0.22663433849811554,0
24,[57],25,0.22944657504558563,0
24,[57],26,0.33506089448928833,1
24,[57],27,0.030604099854826927,1
24,[57],28,0.44993874430656433,0
24,[57],29,0.2948459982872009,1
24,[57],30,0.23382078111171722,0
24,[57],31,0.17576327919960022,1
24,[57],32,0.1800728738307953,1
24,[57],33,0.18678687512874603,1
24,[57],34,0.16896507143974304,0
24,[57],35,0.7181798219680786,0
24,[57],36,0.29869624972343445,0
24,[57],37,0.36559829115867615,0
24,[57],38,0.30998456478118896,0
24,[57],39,0.7262617945671082,0
24,[57],40,0.0775003656744957,1
24,[57],41,0.2557830512523651,0
24,[57],42,0.24626319110393524,0
24,[57],43,0.24948382377624512,0
24,[57],44,0.39808210730552673,0
24,[57],45,0.361908495426178,0
24,[57],46,0.8048434257507324,0
24,[57],47,0.0625421330332756,1
24,[57],48,0.08617530763149261,1
24,[57],49,0.030272357165813446,1
24,[57],50,0.5436694025993347,1
24,[57],51,0.5526252388954163,1
24,[57],52,0.0472315289080143,1
24,[57],53,0.04044304043054581,1
24,[57],54,0.3841905891895294,0
24,[57],55,0.6109340786933899,0
24,[57],56,0.4934038817882538,0
24,[57],58,0.07953015714883804,1
24,[57],59,0.7536874413490295,0
25,[39],0,0.2705056667327881,0
25,[39],1,0.2934028208255768,0
25,[39],2,0.24384115636348724,1
25,[39],3,0.13411101698875427,1
25,[39],4,0.22333501279354095,1
25,[39],5,0.10771369934082031,1
25,[39],6,0.6547280550003052,0
25,[39],7,0.49844932556152344,0
25,[39],8,0.16745169460773468,1
25,[39],9,0.3345695436000824,0
25,[39],10,0.40280279517173767,0
25,[39],11,0.17685720324516296,1
25,[39],12,0.16730819642543793,1
25,[39],13,0.5395890474319458,0
25,[39],14,0.3328917324542999,1
25,[39],15,0.166185662150383,1
25,[39],16,0.40409767627716064,0
25,[39],17,0.34979620575904846,1
25,[39],18,0.3813268840312958,1
25,[39],19,0.23270243406295776,1
25,[39],20,0.40482741594314575,0
25,[39],21,0.8304258584976196,0
25,[39],22,0.39002054929733276,1
25,[39],23,1.1436923742294312,0
25,[39],24,0.20943398773670197,1
25,[39],25,0.18470188975334167,1
25,[39],26,0.37759652733802795,1
25,[39],27,0.14331920444965363,1
25,[39],28,0.5461599230766296,0
25,[39],29,0.26234981417655945,1
25,[39],30,0.3105080723762512,1
25,[39],31,0.443548321723938,0
25,[39],32,0.4117964804172516,0
25,[39],33,0.4489545226097107,0
25,[39],34,0.2926430106163025,0
25,[39],35,0.37109214067459106,0
25,[39],36,0.2973816990852356,0
25,[39],37,0.19042685627937317,1
25,[39],38,0.3847750425338745,0
25,[39],40,0.431673526763916,0
25,[39],41,0.25902730226516724,0
25,[39],42,0.22117185592651367,1
25,[39],43,0.2198966145515442,1
25,[39],44,0.21336184442043304,1
25,[39],45,0.21803855895996094,1
25,[39],46,0.5545110106468201,0
25,[39],47,0.22641979157924652,0
25,[39],48,0.266563355922699,0
25,[39],49,0.16648079454898834,1
25,[39],50,0.4317607879638672,0
25,[39],51,0.4358467161655426,0
25,[39],52,0.17680010199546814,1
25,[39],53,0.1358575075864792,1
25,[39],54,0.20104962587356567,1
25,[39],55,0.36032992601394653,0
25,[39],56,0.37897899746894836,0
25,[39],57,0.35409975051879883,1
25,[39],58,0.10738825052976608,1
25,[39],59,0.6859602928161621,0
26,[42],0,0.2956779897212982,0
26,[42],1,0.5936028957366943,0
26,[42],2,0.2292962521314621,1
26,[42],3,0.20256659388542175,0
26,[42],4,0.2794952988624573,1
26,[42],5,0.12503741681575775,1
26,[42],6,0.6739500761032104,0
26,[42],7,0.5860586762428284,0
26,[42],8,0.14844410121440887,1
26,[42],9,0.22991704940795898,1
26,[42],10,0.32041266560554504,0
26,[42],11,0.21082744002342224,1
26,[42],12,0.15477503836154938,1
26,[42],13,0.5567571520805359,0
26,[42],14,0.4308721721172333,0
26,[42],15,0.18729346990585327,1
26,[42],16,0.32729730010032654,0
26,[42],17,0.34201306104660034,1
26,[42],18,0.3698672950267792,1
26,[42],19,0.29430288076400757,0
26,[42],20,0.2667303681373596,0
26,[42],21,1.0618782043457031,0
26,[42],22,0.4086337089538574,0
26,[42],23,1.0707168579101562,0
26,[42],24,0.20952048897743225,1
26,[42],25,0.23151549696922302,1
26,[42],26,0.3731936514377594,1
26,[42],27,0.12233754992485046,1
26,[42],28,0.5487104058265686,0
26,[42],29,0.2318081259727478,1
26,[42],30,0.24784259498119354,1
26,[42],31,0.318767786026001,0
26,[42],32,0.2823347747325897,0
26,[42],33,0.3304961621761322,0
26,[42],34,0.2508029341697693,0
26,[42],35,0.33678337931632996,0
26,[42],36,0.2866530418395996,0
26,[42],37,0.2501559555530548,0
26,[42],38,0.30925288796424866,0
26,[42],39,0.5717572569847107,0
26,[42],40,0.2855449318885803,0
26,[42],41,0.08559082448482513,1
26,[42],43,0.22722633183002472,1
26,[42],44,0.24822960793972015,1
26,[42],45,0.18987374007701874,1
26,[42],46,0.4003102779388428,0
26,[42],47,0.19240909814834595,0
26,[42],48,0.2084902673959732,1
26,[42],49,0.1327589899301529,1
26,[42],50,0.46738550066947937,0
26,[42],51,0.44038257002830505,0
26,[42],52,0.14368674159049988,1
26,[42],53,0.11275184899568558,1
26,[42],54,0.22331573069095612,1
26,[42],55,0.519098162651062,0
26,[42],56,0.4014143943786621,0
26,[42],57,0.3124271631240845,1
26,[42],58,0.13868342339992523,1
26,[42],59,0.7392451167106628,0
27,[25],0,0.20042233169078827,0
27,[25],1,0.32085856795310974,0
27,[25],2,0.1326594203710556,1
27,[25],3,0.08546449989080429,1
27,[25],4,0.1224348321557045,1
27,[25],5,0.03634921461343765,1
27,[25],6,0.4164055287837982,0
27,[25],7,0.31634581089019775,0
27,[25],8,0.04263320565223694,1
27,[25],9,0.28268736600875854,0
27,[25],10,0.20607778429985046,0
27,[25],11,0.07157393544912338,1
27,[25],12,0.10202421993017197,1
27,[25],13,0.2521054148674011,1
27,[25],14,0.10922244936227798,1
27,[25],15,0.06651081889867783,1
27,[25],16,0.15686005353927612,1
27,[25],17,0.15964773297309875,1
27,[25],18,0.13659869134426117,1
27,[25],19,0.12252804636955261,1
27,[25],20,0.21939145028591156,0
27,[25],21,0.24974274635314941,0
27,[25],22,0.12391464412212372,1
27,[25],23,0.5650079250335693,0
27,[25],24,0.04097789525985718,1
27,[25],26,0.2568986117839813,1
27,[25],27,0.0652325376868248,1
27,[25],28,0.32592299580574036,0
27,[25],29,0.061368171125650406,1
27,[25],30,0.1444292664527893,1
27,[25],31,0.16590923070907593,1
27,[25],32,0.1687449812889099,1
27,[25],33,0.1793915182352066,1
27,[25],34,0.12723450362682343,1
27,[25],35,0.30386999249458313,0
27,[25],36,0.18037547171115875,1
27,[25],37,0.18987518548965454,1
27,[25],38,0.24224302172660828,0
27,[25],39,0.3086109757423401,0
27,[25],40,0.2440115213394165,0
27,[25],41,0.18883304297924042,0
27,[25],42,0.13293379545211792,1
27,[25],43,0.1492178738117218,1
27,[25],44,0.1534355729818344,0
27,[25],45,0.1211332157254219,1
27,[25],46,0.28182700276374817,0
27,[25],47,0.22031933069229126,0
27,[25],48,0.09897586703300476,1
27,[25],49,0.12726962566375732,1
27,[25],50,0.41666045784950256,0
27,[25],51,0.42751938104629517,0
27,[25],52,0.18665561079978943,0
27,[25],53,0.1566876322031021,1
27,[25],54,0.08665210008621216,1
27,[25],55,0.08028576523065567,1
27,[25],56,0.14296038448810577,1
27,[25],57,0.1478298157453537,1
27,[25],58,0.03507702797651291,1
27,[25],59,0.49126458168029785,0
28,[27],0,0.29350465536117554,0
28,[27],1,0.3910829722881317,0
28,[27],2,0.18393832445144653,0
28,[27],3,0.07678412646055222,1
28,[27],4,0.19582848250865936,0
28,[27],5,0.06883957982063293,1
28,[27],6,0.4230835735797882,0
28,[27],7,0.4451979696750641,0
28,[27],8,0.04903915524482727,1
28,[27],9,0.20887497067451477,1
28,[27],10,0.11844715476036072,0
28,[27],11,0.1906358152627945,0
28,[27],12,0.15210546553134918,1
28,[27],13,0.41509151458740234,0
28,[27],14,0.1259346753358841,1
28,[27],15,0.18349534273147583,0
28,[27],16,0.21444207429885864,0
28,[27],17,0.16563725471496582,1
28,[27],18,0.16382147371768951,1
28,[27],19,0.23442848026752472,0
28,[27],20,0.12089098244905472,1
28,[27],21,0.4449004828929901,0
28,[27],22,0.08027336746454239,1
28,[27],23,0.7910099029541016,0
28,[27],24,0.09844878315925598,1
28,[27],25,0.11675350368022919,1
28,[27],26,0.13470664620399475,1
28,[27],28,0.3678991496562958,0
28,[27],29,0.04472339525818825,1
28,[27],30,0.19177325069904327,0
28,[27],31,0.17462891340255737,0
28,[27],32,0.17881329357624054,0
28,[27],33,0.17940057814121246,0
28,[27],34,0.17675088346004486,0
28,[27],35,0.2553136646747589,0
28,[27],36,0.14863555133342743,0
28,[27],37,0.19773851335048676,0
28,[27],38,0.12732136249542236,0
28,[27],39,0.48979663848876953,0
28,[27],40,0.13773244619369507,1
28,[27],41,0.15644747018814087,1
28,[27],42,0.10239657759666443,1
28,[27],43,0.19837449491024017,0
28,[27],44,0.17507554590702057,1
28,[27],45,0.2451568990945816,0
28,[27],46,0.40512728691101074,0
28,[27],47,0.09191744774580002,1
28,[27],48,0.17606477439403534,1
28,[27],49,0.044050123542547226,1
28,[27],50,0.25050127506256104,1
28,[27],51,0.22442473471164703,1
28,[27],52,0.08605446666479111,1
28,[27],53,0.074588343501091,1
28,[27],54,0.10142689943313599,1
28,[27],55,0.4779815673828125,0
28,[27],56,0.08383331447839737,1
28,[27],57,0.07674475014209747,1
28,[27],58,0.03675609081983566,1
28,[27],59,0.5701311230659485,0
29,[2],0,0.12090460956096649,1
29,[2],1,0.0603177547454834,1
29,[2],3,0.0816531851887703,1
29,[2],4,0.1757815182209015,1
29,[2],5,0.07356572896242142,1
29,[2],6,0.4695375859737396,0
29,[2],7,0.19424410164356232,0
29,[2],8,0.05868224427103996,1
29,[2],9,0.26670974493026733,1
29,[2],10,0.3312312364578247,0
29,[2],11,0.12270146608352661,1
29,[2],12,0.16742204129695892,1
29,[2],13,0.3125784397125244,0
29,[2],14,0.12152456492185593,1
29,[2],15,0.0913008376955986,1
29,[2],16,0.28561070561408997,0
29,[2],17,0.2734096050262451,1
29,[2],18,0.26991701126098633,1
29,[2],19,0.18401439487934113,1
29,[2],20,0.22929994761943817,0
29,[2],21,0.6876507997512817,0
29,[2],22,0.3262975811958313,0
29,[2],23,0.9509176015853882,0
29,[2],24,0.14329728484153748,1
29,[2],25,0.14372465014457703,0
29,[2],26,0.2631942331790924,1
29,[2],27,0.10031961649656296,1
29,[2],28,0.310028612613678,0
29,[2],29,0.13854965567588806,1
29,[2],30,0.26666852831840515,0
29,[2],31,0.255778044462204,0
29,[2],32,0.24350492656230927,0
29,[2],33,0.24903443455696106,0
29,[2],34,0.29780423641204834,0
29,[2],35,0.18401403725147247,1
29,[2],36,0.19094669818878174,0
29,[2],37,0.18849237263202667,0
29,[2],38,0.26366889476776123,0
29,[2],39,0.3338701128959656,0
29,[2],40,0.4537297189235687,0
29,[2],41,0.19759997725486755,0
29,[2],42,0.16190211474895477,1
29,[2],43,0.18433833122253418,1
29,[2],44,0.14148615300655365,1
29,[2],45,0.09420383721590042,1
29,[2],46,0.6290587782859802,0
29,[2],47,0.19564786553382874,0
29,[2],48,0.2648940980434418,0
29,[2],49,0.11616940796375275,1
29,[2],50,0.5689238905906677,0
29,[2],51,0.6048784852027893,0
29,[2],52,0.11125876009464264,1
29,[2],53,0.09025317430496216,1
29,[2],54,0.13531357049942017,1
29,[2],55,0.15545418858528137,1
29,[2],56,0.19684867560863495,1
29,[2],57,0.26471561193466187,1
29,[2],58,0.09040476381778717,1
29,[2],59,0.48061665892601013,0
30,[12],0,0.270829439163208,0
30,[12],1,0.3537208139896393,0
30,[12],2,0.22437947988510132,0
30,[12],3,0.08868538588285446,1
30,[12],4,0.17536704242229462,1
30,[12],5,0.068183034658432,1
30,[12],6,0.5630882978439331,0
30,[12],7,0.3474179208278656,0
30,[12],8,0.1489822119474411,1
30,[12],9,0.22797754406929016,0
30,[12],10,0.24462458491325378,0
30,[12],11,0.14738717675209045,1
30,[12],13,0.4461649954319,0
30,[12],14,0.1269424855709076,1
30,[12],15,0.07972890883684158,1
30,[12],16,0.1795525997877121,0
30,[12],17,0.18125174939632416,1
30,[12],18,0.18939624726772308,1
30,[12],19,0.18931323289871216,1
30,[12],20,0.21324585378170013,0
30,[12],21,1.062560796737671,0
30,[12],22,0.23036327958106995,0
30,[12],23,0.7867382764816284,0
30,[12],24,0.18079383671283722,0
30,[12],25,0.1863739788532257,0
30,[12],26,0.2577499449253082,1
30,[12],27,0.06282179802656174,1
30,[12],28,0.31609633564949036,0
30,[12],29,0.18517376482486725,1
30,[12],30,0.16827349364757538,1
30,[12],31,0.14417880773544312,1
30,[12],32,0.1324874460697174,1
30,[12],33,0.13713306188583374,1
30,[12],34,0.12283424288034439,1
30,[12],35,0.352816104888916,0
30,[12],36,0.1610446572303772,0
30,[12],37,0.23467080295085907,0
30,[12],38,0.16215835511684418,0
30,[12],39,0.39848199486732483,0
30,[12],40,0.3092174232006073,0
30,[12],41,0.1266401708126068,1
30,[12],42,0.09626873582601547,1
30,[12],43,0.1790980100631714,0
30,[12],44,0.29866480827331543,0
30,[12],45,0.15087537467479706,1
30,[12],46,0.3519645929336548,0
30,[12],47,0.1551140397787094,1
30,[12],48,0.1477884203195572,1
30,[12],49,0.11258149147033691,1
30,[12],50,0.39606595039367676,0
30,[12],51,0.358691543340683,0
30,[12],52,0.15280000865459442,0
30,[12],53,0.12266334146261215,1
30,[12],54,0.14121700823307037,1
30,[12],55,0.3531716465950012,0
30,[12],56,0.18001390993595123,0
30,[12],57,0.20559842884540558,1
30,[12],58,0.09030742198228836,1
30,[12],59,0.5286374092102051,0
31,[33],0,0.3871590495109558,0
31,[33],1,0.5285422801971436,0
31,[33],2,0.32173651456832886,0
31,[33],3,0.16138824820518494,0
31,[33],4,0.2646090090274811,0
31,[33],5,0.14318838715553284,0
31,[33],6,0.6355913281440735,0
31,[33],7,0.387546569108963,0
31,[33],8,0.17932634055614471,0
31,[33],9,0.36894726753234863,0
31,[33],10,0.09734344482421875,1
31,[33],11,0.12189565598964691,1
31,[33],12,0.15949997305870056,0
31,[33],13,0.6703649163246155,0
31,[33],14,0.1863456517457962,1
31,[33],15,0.15905965864658356,1
31,[33],16,0.3941921889781952,0
31,[33],17,0.3875371813774109,0
31,[33],18,0.42403995990753174,0
31,[33],19,0.3504190146923065,0
31,[33],20,0.2679620087146759,1
31,[33],21,0.37867501378059387,0
31,[33],22,0.11080034077167511,1
31,[33],23,0.6074687242507935,0
31,[33],24,0.10442127287387848,1
31,[33],25,0.13764145970344543,1
31,[33],26,0.3826715052127838,0
31,[33],27,0.05785844475030899,1
31,[33],28,0.48384222388267517,0
31,[33],29,0.07980087399482727,1
31,[33],30,0.14148707687854767,1
31,[33],31,0.08258117735385895,1
31,[33],32,0.055244576185941696,1
31,[33],34,0.2168816179037094,1
31,[33],35,0.36843985319137573,0
31,[33],36,0.23695340752601624,1
31,[33],37,0.24698512256145477,1
31,[33],38,0.22387345135211945,0
31,[33],39,0.4929887354373932,0
31,[33],40,0.1995438039302826,1
31,[33],41,0.20681233704090118,1
31,[33],42,0.19201689958572388,1
31,[33],43,0.18473100662231445,1
31,[33],44,0.2990114390850067,0
31,[33],45,0.29585739970207214,0
31,[33],46,0.4093880355358124,0
31,[33],47,0.18356245756149292,1
31,[33],48,0.12876436114311218,1
31,[33],49,0.08038945496082306,1
31,[33],50,0.31609946489334106,1
31,[33],51,0.331498384475708,1
31,[33],52,0.17094145715236664,1
31,[33],53,0.13515542447566986,1
31,[33],54,0.22483600676059723,0
31,[33],55,0.4411454200744629,0
31,[33],56,0.2970498204231262,0
31,[33],57,0.09362465143203735,1
31,[33],58,0.054265838116407394,1
31,[33],59,0.6451600790023804,0
32,[58],0,0.27547726035118103,0
32,[58],1,0.35182327032089233,0
32,[58],2,0.1998751163482666,0
32,[58],3,0.09112463891506195,1
32,[58],4,0.23379485309123993,1
32,[58],5,0.06847385317087173,1
32,[58],6,0.4815584719181061,0
32,[58],7,0.4600955843925476,0
32,[58],8,0.05203000456094742,1
32,[58],9,0.5656949281692505,0
32,[58],10,0.26157277822494507,0
32,[58],11,0.12476397305727005,1
32,[58],12,0.12031734734773636,1
32,[58],13,0.4304470121860504,0
32,[58],14,0.2863353192806244,1
32,[58],15,0.08640236407518387,1
32,[58],16,0.20866622030735016,0
32,[58],17,0.22285018861293793,1
32,[58],18,0.22356519103050232,1
32,[58],19,0.17044660449028015,1
32,[58],20,0.23148243129253387,0
32,[58],21,0.7080553770065308,0
32,[58],22,0.27701616287231445,0
32,[58],23,0.9031394720077515,0
32,[58],24,0.1699400097131729,1
32,[58],25,0.17676229774951935,1
32,[58],26,0.3493160605430603,1
32,[58],27,0.07775217294692993,1
32,[58],28,0.36803463101387024,0
32,[58],29,0.1642255038022995,1
32,[58],30,0.20807082951068878,1
32,[58],31,0.27519690990448,0
32,[58],32,0.21550552546977997,0
32,[58],33,0.2660248279571533,0
32,[58],34,0.15273568034172058,1
32,[58],35,0.3010390102863312,0
32,[58],36,0.13922682404518127,1
32,[58],37,0.16864322125911713,1
32,[58],38,0.19620531797409058,0
32,[58],39,0.2995137572288513,0
32,[58],40,0.30305781960487366,0
32,[58],41,0.1525692343711853,1
32,[58],42,0.13650107383728027,1
32,[58],43,0.09705382585525513,1
32,[58],44,0.20622119307518005,1
32,[58],45,0.21102029085159302,0
32,[58],46,0.30458927154541016,0
32,[58],47,0.20753031969070435,0
32,[58],48,0.15315477550029755,1
32,[58],49,0.14184363186359406,1
32,[58],50,0.43813085556030273,0
32,[58],51,0.49226322770118713,0
32,[58],52,0.15077903866767883,1
32,[58],53,0.11610249429941177,1
32,[58],54,0.1372966468334198,1
32,[58],55,0.32593610882759094,0
32,[58],56,0.1958625316619873,1
32,[58],57,0.22261622548103333,1
32,[58],59,0.25800472497940063,1
33,[29],0,0.43780317902565,0
33,[29],1,0.5930648446083069,0
33,[29],2,0.3119306266307831,0
33,[29],3,0.12115760892629623,0
33,[29],4,0.3494482636451721,0
33,[29],5,0.1266392469406128,1
33,[29],6,0.8115504384040833,0
33,[29],7,0.6301173567771912,0
33,[29],8,0.10812071710824966,1
33,[29],9,0.346235066652298,0
33,[29],10,0.2679802179336548,0
33,[29],11,0.203668475151062,1
33,[29],12,0.168478861451149,1
33,[29],13,0.6847583055496216,0
33,[29],14,0.3192770779132843,0
33,[29],15,0.25418469309806824,0
33,[29],16,0.4480755925178528,0
33,[29],17,0.412814736366272,0
33,[29],18,0.4451773464679718,0
33,[29],19,0.43222224712371826,0
33,[29],20,0.12429244816303253,1
33,[29],21,0.6755942106246948,0
33,[29],22,0.24061763286590576,1
33,[29],23,0.47284531593322754,0
33,[29],24,0.2400687038898468,1
33,[29],25,0.23381774127483368,1
33,[29],26,0.284249484539032,1
33,[29],27,0.04038545861840248,1
33,[29],28,0.5776219964027405,0
33,[29],30,0.36099448800086975,0
33,[29],31,0.2736762464046478,0
33,[29],32,0.2464340478181839,0
33,[29],33,0.27523449063301086,0
33,[29],34,0.2697945237159729,0
33,[29],35,0.5790289044380188,0
33,[29],36,0.33609476685523987,0
33,[29],37,0.3022061586380005,0
33,[29],38,0.31758129596710205,0
33,[29],39,0.7869892716407776,0
33,[29],40,0.0971648246049881,1
33,[29],41,0.2501048743724823,0
33,[29],42,0.24866048991680145,0
33,[29],43,0.2559809684753418,0
33,[29],44,0.3743588328361511,0
33,[29],45,0.35454869270324707,0
33,[29],46,0.6605448722839355,0
33,[29],47,0.07745935767889023,1
33,[29],48,0.1721917688846588,1
33,[29],49,0.03548610582947731,1
33,[29],50,0.467752605676651,0
33,[29],51,0.44173726439476013,0
33,[29],52,0.05858682841062546,1
33,[29],53,0.0489782989025116,1
33,[29],54,0.2978935241699219,1
33,[29],55,0.6164506077766418,0
33,[29],56,0.6076918244361877,0
33,[29],57,0.09853983670473099,1
33,[29],58,0.1069418266415596,1
33,[29],59,1.0308253765106201,0
34,[33],0,0.3871590495109558,0
34,[33],1,0.5285422801971436,0
34,[33],2,0.32173651456832886,0
34,[33],3,0.16138824820518494,0
34,[33],4,0.2646090090274811,0
34,[33],5,0.14318838715553284,0
34,[33],6,0.6355913281440735,0
34,[33],7,0.387546569108963,0
34,[33],8,0.17932634055614471,0
34,[33],9,0.36894726753234863,0
34,[33],10,0.09734344482421875,1
34,[33],11,0.12189565598964691,1
34,[33],12,0.15949997305870056,0
34,[33],13,0.6703649163246155,0
34,[33],14,0.1863456517457962,1
34,[33],15,0.15905965864658356,1
34,[33],16,0.3941921889781952,0
34,[33],17,0.3875371813774109,0
34,[33],18,0.42403995990753174,0
34,[33],19,0.3504190146923065,0
34,[33],20,0.2679620087146759,1
34,[33],21,0.37867501378059387,0
34,[33],22,0.11080034077167511,1
34,[33],23,0.6074687242507935,0
34,[33],24,0.10442127287387848,1
34,[33],25,0.13764145970344543,1
34,[33],26,0.3826715052127838,0
34,[33],27,0.05785844475030899,1
34,[33],28,0.48384222388267517,0
34,[33],29,0.07980087399482727,1
34,[33],30,0.14148707687854767,1
34,[33],31,0.08258117735385895,1
34,[33],32,0.055244576185941696,1
34,[33],34,0.2168816179037094,1
34,[33],35,0.36843985319137573,0
34,[33],36,0.23695340752601624,1
34,[33],37,0.24698512256145477,1
34,[33],38,0.22387345135211945,0
34,[33],39,0.4929887354373932,0
34,[33],40,0.1995438039302826,1
34,[33],41,0.20681233704090118,1
34,[33],42,0.19201689958572388,1
34,[33],43,0.18473100662231445,1
34,[33],44,0.2990114390850067,0
34,[33],45,0.29585739970207214,0
34,[33],46,0.4093880355358124,0
34,[33],47,0.18356245756149292,1
34,[33],48,0.12876436114311218,1
34,[33],49,0.08038945496082306,1
34,[33],50,0.31609946489334106,1
34,[33],51,0.331498384475708,1
34,[33],52,0.17094145715236664,1
34,[33],53,0.13515542447566986,1
34,[33],54,0.22483600676059723,0
34,[33],55,0.4411454200744629,0
34,[33],56,0.2970498204231262,0
34,[33],57,0.09362465143203735,1
34,[33],58,0.054265838116407394,1
34,[33],59,0.6451600790023804,0
35,[46],0,0.23656320571899414,0
35,[46],1,0.32401522994041443,0
35,[46],2,0.23871934413909912,0
35,[46],3,0.1286497712135315,1
35,[46],4,0.23418819904327393,1
35,[46],5,0.1322726607322693,1
35,[46],6,0.7269220352172852,0
35,[46],7,0.35067492723464966,0
35,[46],8,0.2142016738653183,1
35,[46],9,0.2662941813468933,1
35,[46],10,0.25214245915412903,0
35,[46],11,0.12442594021558762,1
35,[46],12,0.1320544332265854,1
35,[46],13,0.4466291069984436,0
35,[46],14,0.2654418647289276,1
35,[46],15,0.1452305167913437,1
35,[46],16,0.2926467955112457,0
35,[46],17,0.2884652018547058,1
35,[46],18,0.3049720823764801,1
35,[46],19,0.23142777383327484,1
35,[46],20,0.3592068552970886,0
35,[46],21,0.662124752998352,0
35,[46],22,0.4879623055458069,0
35,[46],23,0.8300600051879883,0
35,[46],24,0.19610582292079926,1
35,[46],25,0.1667003333568573,1
35,[46],26,0.35027021169662476,1
35,[46],27,0.16184236109256744,1
35,[46],28,0.422818660736084,0
35,[46],29,0.23263193666934967,1
35,[46],30,0.29287779331207275,1
35,[46],31,0.4043183922767639,0
35,[46],32,0.3573758900165558,0
35,[46],33,0.3938904404640198,0
35,[46],34,0.15843436121940613,1
35,[46],35,0.32493856549263,0
35,[46],36,0.22747711837291718,0
35,[46],37,0.20430895686149597,0
35,[46],38,0.27168819308280945,0
35,[46],39,0.3363788425922394,0
35,[46],40,0.3312491774559021,0
35,[46],41,0.19646571576595306,1
35,[46],42,0.15240462124347687,1
35,[46],43,0.2728452980518341,0
35,[46],44,0.2850690484046936,0
35,[46],45,0.22229868173599243,0
35,[46],47,0.1840171068906784,0
35,[46],48,0.1603780835866928,0
35,[46],49,0.19214046001434326,1
35,[46],50,0.4519423246383667,0
35,[46],51,0.4308272898197174,0
35,[46],52,0.22464264929294586,0
35,[46],53,0.18908895552158356,0
35,[46],54,0.15053141117095947,1
35,[46],55,0.42898112535476685,0
35,[46],56,0.34953710436820984,0
35,[46],57,0.19372132420539856,1
35,[46],58,0.09478133171796799,1
35,[46],59,0.3658841848373413,0
36,[9],0,0.2892041504383087,0
36,[9],1,0.4953877031803131,0
36,[9],2,0.30183109641075134,0
36,[9],3,0.13729356229305267,0
36,[9],4,0.22922532260417938,1
36,[9],5,0.13471084833145142,0
36,[9],6,0.7225950956344604,0
36,[9],7,0.5038354396820068,0
36,[9],8,0.20685672760009766,1
36,[9],10,0.23034469783306122,0
36,[9],11,0.13972072303295135,1
36,[9],12,0.1749846488237381,1
36,[9],13,0.4300411641597748,0
36,[9],14,0.1290569007396698,1
36,[9],15,0.09163462370634079,1
36,[9],16,0.3248259723186493,0
36,[9],17,0.3150111436843872,0
36,[9],18,0.32128486037254333,0
36,[9],19,0.2648594379425049,0
36,[9],20,0.2113330066204071,0
36,[9],21,0.7471870183944702,0
36,[9],22,0.3535923361778259,0
36,[9],23,0.9376248717308044,0
36,[9],24,0.19377712905406952,0
36,[9],25,0.17040212452411652,0
36,[9],26,0.28597667813301086,1
36,[9],27,0.05943244323134422,1
36,[9],28,0.2982198894023895,0
36,[9],29,0.11615097522735596,1
36,[9],30,0.1729448288679123,1
36,[9],31,0.2962692081928253,0
36,[9],32,0.2438843548297882,0
36,[9],33,0.2929699420928955,0
36,[9],34,0.14914734661579132,0
36,[9],35,0.471904456615448,0
36,[9],36,0.13088330626487732,1
36,[9],37,0.23403425514698029,0
36,[9],38,0.1768990010023117,0
36,[9],39,0.45388439297676086,0
36,[9],40,0.171871155500412,1
36,[9],41,0.2064240574836731,0
36,[9],42,0.1934041976928711,1
36,[9],43,0.2339245080947876,0
36,[9],44,0.30332934856414795,0
36,[9],45,0.17278863489627838,0
36,[9],46,0.2851743996143341,0
36,[9],47,0.0885838121175766,1
36,[9],48,0.09664756804704666,1
36,[9],49,0.14982765913009644,1
36,[9],50,0.3501908779144287,0
36,[9],51,0.3523128032684326,0
36,[9],52,0.20450459420681,0
36,[9],53,0.15992514789104462,0
36,[9],54,0.14363671839237213,1
36,[9],55,0.4166104197502136,0
36,[9],56,0.28317418694496155,0
36,[9],57,0.2122686505317688,1
36,[9],58,0.09270337969064713,1
36,[9],59,0.4278331995010376,0
37,[42],0,0.2956779897212982,0
37,[42],1,0.5936028957366943,0
37,[42],2,0.2292962521314621,1
37,[42],3,0.20256659388542175,0
37,[42],4,0.2794952988624573,1
37,[42],5,0.12503741681575775,1
37,[42],6,0.6739500761032104,0
37,[42],7,0.5860586762428284,0
37,[42],8,0.14844410121440887,1
37,[42],9,0.22991704940795898,1
37,[42],10,0.32041266560554504,0
37,[42],11,0.21082744002342224,1
37,[42],12,0.15477503836154938,1
37,[42],13,0.5567571520805359,0
37,[42],14,0.4308721721172333,0
37,[42],15,0.18729346990585327,1
37,[42],16,0.32729730010032654,0
37,[42],17,0.34201306104660034,1
37,[42],18,0.3698672950267792,1
37,[42],19,0.29430288076400757,0
37,[42],20,0.2667303681373596,0
37,[42],21,1.0618782043457031,0
37,[42],22,0.4086337089538574,0
37,[42],23,1.0707168579101562,0
37,[42],24,0.20952048897743225,1
37,[42],25,0.23151549696922302,1
37,[42],26,0.3731936514377594,1
37,[42],27,0.12233754992485046,1
37,[42],28,0.5487104058265686,0
37,[42],29,0.2318081259727478,1
37,[42],30,0.24784259498119354,1
37,[42],31,0.318767786026001,0
37,[42],32,0.2823347747325897,0
37,[42],33,0.3304961621761322,0
37,[42],34,0.2508029341697693,0
37,[42],35,0.33678337931632996,0
37,[42],36,0.2866530418395996,0
37,[42],37,0.2501559555530548,0
37,[42],38,0.30925288796424866,0
37,[42],39,0.5717572569847107,0
37,[42],40,0.2855449318885803,0
37,[42],41,0.08559082448482513,1
37,[42],43,0.22722633183002472,1
37,[42],44,0.24822960793972015,1
37,[42],45,0.18987374007701874,1
37,[42],46,0.4003102779388428,0
37,[42],47,0.19240909814834595,0
37,[42],48,0.2084902673959732,1
37,[42],49,0.1327589899301529,1
37,[42],50,0.46738550066947937,0
37,[42],51,0.44038257002830505,0
37,[42],52,0.14368674159049988,1
37,[42],53,0.11275184899568558,1
37,[42],54,0.22331573069095612,1
37,[42],55,0.519098162651062,0
37,[42],56,0.4014143943786621,0
37,[42],57,0.3124271631240845,1
37,[42],58,0.13868342339992523,1
37,[42],59,0.7392451167106628,0
38,[8],0,0.17855514585971832,1
38,[8],1,0.1873830109834671,1
38,[8],2,0.08458299189805984,1
38,[8],3,0.0902840718626976,1
38,[8],4,0.1479114592075348,1
38,[8],5,0.04685910418629646,1
38,[8],6,0.6166874170303345,0
38,[8],7,0.18560996651649475,1
38,[8],9,0.2505709230899811,1
38,[8],10,0.14504989981651306,1
38,[8],11,0.07769720256328583,1
38,[8],12,0.10135358572006226,1
38,[8],13,0.15233969688415527,1
38,[8],14,0.07514350116252899,1
38,[8],15,0.09147894382476807,1
38,[8],16,0.1865316927433014,1
38,[8],17,0.14774268865585327,1
38,[8],18,0.14663590490818024,1
38,[8],19,0.1378520280122757,1
38,[8],20,0.1973978728055954,1
38,[8],21,0.34075626730918884,0
38,[8],22,0.2687596082687378,1
38,[8],23,0.8259626030921936,0
38,[8],24,0.07980111241340637,1
38,[8],25,0.09069733321666718,1
38,[8],26,0.18951568007469177,1
38,[8],27,0.05515284091234207,1
38,[8],28,0.31738296151161194,0
38,[8],29,0.08482328057289124,1
38,[8],30,0.24342083930969238,0
38,[8],31,0.20469912886619568,0
38,[8],32,0.22901374101638794,0
38,[8],33,0.21266043186187744,0
38,[8],34,0.2721894085407257,0
38,[8],35,0.14932705461978912,1
38,[8],36,0.1428133249282837,1
38,[8],37,0.21333809196949005,0
38,[8],38,0.13388265669345856,1
38,[8],39,0.32653453946113586,0
38,[8],40,0.2648751139640808,0
38,[8],41,0.127403125166893,1
38,[8],42,0.07189486920833588,1
38,[8],43,0.12509088218212128,1
38,[8],44,0.09903767704963684,1
38,[8],45,0.10556945204734802,1
38,[8],46,0.4100779592990875,0
38,[8],47,0.09159927070140839,1
38,[8],48,0.22193412482738495,0
38,[8],49,0.08095929026603699,1
38,[8],50,0.3708028495311737,0
38,[8],51,0.36490240693092346,1
38,[8],52,0.1307440549135208,1
38,[8],53,0.09394348412752151,1
38,[8],54,0.10532766580581665,1
38,[8],55,0.1247054934501648,1
38,[8],56,0.08567845821380615,1
38,[8],57,0.17367923259735107,1
38,[8],58,0.038692768663167953,1
38,[8],59,0.499727725982666,0
39,[20],0,0.28884753584861755,0
39,[20],1,0.5657069683074951,0
39,[20],2,0.3072790503501892,0
39,[20],3,0.09040354192256927,1
39,[20],4,0.26727989315986633,0
39,[20],5,0.14188075065612793,0
39,[20],6,0.6399492025375366,0
39,[20],7,0.5470272302627563,0
39,[20],8,0.11322558671236038,1
39,[20],9,0.3741397559642792,0
39,[20],10,0.3241126239299774,0
39,[20],11,0.1427474319934845,1
39,[20],12,0.1829877346754074,0
39,[20],13,0.48230570554733276,0
39,[20],14,0.26701852679252625,0
39,[20],15,0.24002723395824432,0
39,[20],16,0.34221693873405457,0
39,[20],17,0.3146830201148987,0
39,[20],18,0.31105944514274597,0
39,[20],19,0.3764723837375641,0
39,[20],21,0.3541084825992584,0
39,[20],22,0.1979372799396515,1
39,[20],23,0.6996244192123413,0
39,[20],24,0.20410510897636414,0
39,[20],25,0.21378867328166962,0
39,[20],26,0.3492468595504761,1
39,[20],27,0.06782574206590652,1
39,[20],28,0.5581804513931274,0
39,[20],29,0.06369924545288086,1
39,[20],30,0.2256339192390442,1
39,[20],31,0.21100476384162903,1
39,[20],32,0.2041616588830948,1
39,[20],33,0.21854986250400543,1
39,[20],34,0.2522585093975067,0
39,[20],35,0.4940680265426636,0
39,[20],36,0.22680369019508362,0
39,[20],37,0.2123907506465912,0
39,[20],38,0.2148987352848053,0
39,[20],39,0.462958961725235,0
39,[20],40,0.11421729624271393,1
39,[20],41,0.21567878127098083,0
39,[20],42,0.21950463950634003,0
39,[20],43,0.13935913145542145,1
39,[20],44,0.27034661173820496,0
39,[20],45,0.2964150607585907,0
39,[20],46,0.6279167532920837,0
39,[20],47,0.12963002920150757,1
39,[20],48,0.185588538646698,1
39,[20],49,0.05918792262673378,1
39,[20],50,0.3643322288990021,0
39,[20],51,0.36001870036125183,0
39,[20],52,0.10348403453826904,1
39,[20],53,0.09121620655059814,1
39,[20],54,0.1930120885372162,0
39,[20],55,0.49459463357925415,0
39,[20],56,0.3513251841068268,0
39,[20],57,0.06561779975891113,1
39,[20],58,0.12296220660209656,1
39,[20],59,0.9323570132255554,0
40,[14],0,0.3191332221031189,0
40,[14],1,0.4716051518917084,0
40,[14],2,0.2420283406972885,0
40,[14],3,0.12230279296636581,0
40,[14],4,0.22061465680599213,0
40,[14],5,0.1072450578212738,1
40,[14],6,0.7012677192687988,0
40,[14],7,0.370135098695755,0
40,[14],8,0.09209657460451126,1
40,[14],9,0.3247615694999695,0
40,[14],10,0.24362778663635254,0
40,[14],11,0.12457817047834396,1
40,[14],12,0.14910660684108734,1
40,[14],13,0.4653814435005188,0
40,[14],15,0.235287606716156,1
40,[14],16,0.32046934962272644,0
40,[14],17,0.30159637331962585,1
40,[14],18,0.3544204533100128,0
40,[14],19,0.23393970727920532,0
40,[14],20,0.1928926408290863,1
40,[14],21,0.5342445969581604,0
40,[14],22,0.35565832257270813,0
40,[14],23,0.741475522518158,0
40,[14],24,0.18562856316566467,1
40,[14],25,0.16025732457637787,1
40,[14],26,0.2606644332408905,1
40,[14],27,0.10962618142366409,1
40,[14],28,0.4372383654117584,0
40,[14],29,0.11389973014593124,1
40,[14],30,0.3501311242580414,0
40,[14],31,0.3843790292739868,0
40,[14],32,0.33796462416648865,0
40,[14],33,0.3828442394733429,0
40,[14],34,0.2544720470905304,0
40,[14],35,0.25565478205680847,0
40,[14],36,0.2475697100162506,0
40,[14],37,0.246567964553833,0
40,[14],38,0.19668059051036835,0
40,[14],39,0.45077481865882874,0
40,[14],40,0.24473682045936584,1
40,[14],41,0.16856923699378967,1
40,[14],42,0.1286858171224594,1
40,[14],43,0.13582555949687958,1
40,[14],44,0.22557507455348969,1
40,[14],45,0.22050966322422028,0
40,[14],46,0.439376562833786,0
40,[14],47,0.16039812564849854,1
40,[14],48,0.1345413774251938,1
40,[14],49,0.15023285150527954,1
40,[14],50,0.28717780113220215,1
40,[14],51,0.28771457076072693,1
40,[14],52,0.12125996500253677,1
40,[14],53,0.09596109390258789,1
40,[14],54,0.16371262073516846,1
40,[14],55,0.3450966477394104,0
40,[14],56,0.23815850913524628,0
40,[14],57,0.16504603624343872,1
40,[14],58,0.06232212111353874,1
40,[14],59,0.6039006114006042,0
41,[20],0,0.28884753584861755,0
41,[20],1,0.5657069683074951,0
41,[20],2,0.3072790503501892,0
41,[20],3,0.09040354192256927,1
41,[20],4,0.26727989315986633,0
41,[20],5,0.14188075065612793,0
41,[20],6,0.6399492025375366,0
41,[20],7,0.5470272302627563,0
41,[20],8,0.11322558671236038,1
41,[20],9,0.3741397559642792,0
41,[20],10,0.3241126239299774,0
41,[20],11,0.1427474319934845,1
41,[20],12,0.1829877346754074,0
41,[20],13,0.48230570554733276,0
41,[20],14,0.26701852679252625,0
41,[20],15,0.24002723395824432,0
41,[20],16,0.34221693873405457,0
41,[20],17,0.3146830201148987,0
41,[20],18,0.31105944514274597,0
41,[20],19,0.3764723837375641,0
41,[20],21,0.3541084825992584,0
41,[20],22,0.1979372799396515,1
41,[20],23,0.6996244192123413,0
41,[20],24,0.20410510897636414,0
41,[20],25,0.21378867328166962,0
41,[20],26,0.3492468595504761,1
41,[20],27,0.06782574206590652,1
41,[20],28,0.5581804513931274,0
41,[20],29,0.06369924545288086,1
41,[20],30,0.2256339192390442,1
41,[20],31,0.21100476384162903,1
41,[20],32,0.2041616588830948,1
41,[20],33,0.21854986250400543,1
41,[20],34,0.2522585093975067,0
41,[20],35,0.4940680265426636,0
41,[20],36,0.22680369019508362,0
41,[20],37,0.2123907506465912,0
41,[20],38,0.2148987352848053,0
41,[20],39,0.462958961725235,0
41,[20],40,0.11421729624271393,1
41,[20],41,0.21567878127098083,0
41,[20],42,0.21950463950634003,0
41,[20],43,0.13935913145542145,1
41,[20],44,0.27034661173820496,0
41,[20],45,0.2964150607585907,0
41,[20],46,0.6279167532920837,0
41,[20],47,0.12963002920150757,1
41,[20],48,0.185588538646698,1
41,[20],49,0.05918792262673378,1
41,[20],50,0.3643322288990021,0
41,[20],51,0.36001870036125183,0
41,[20],52,0.10348403453826904,1
41,[20],53,0.09121620655059814,1
41,[20],54,0.1930120885372162,0
41,[20],55,0.49459463357925415,0
41,[20],56,0.3513251841068268,0
41,[20],57,0.06561779975891113,1
41,[20],58,0.12296220660209656,1
41,[20],59,0.9323570132255554,0
42,[52],0,0.413179874420166,0
42,[52],1,0.6921117305755615,0
42,[52],2,0.41914474964141846,0
42,[52],3,0.20567244291305542,0
42,[52],4,0.31119751930236816,1
42,[52],5,0.28150540590286255,0
42,[52],6,1.0217198133468628,0
42,[52],7,0.6750893592834473,0
42,[52],8,0.1478482484817505,1
42,[52],9,0.3776420056819916,0
42,[52],10,0.2907545268535614,0
42,[52],11,0.1250019520521164,1
42,[52],12,0.15314148366451263,0
42,[52],13,0.83851158618927,0
42,[52],14,0.15625622868537903,1
42,[52],15,0.28944942355155945,0
42,[52],16,0.3009386360645294,0
42,[52],17,0.3407369554042816,1
42,[52],18,0.5561187267303467,0
42,[52],19,0.4936111271381378,0
42,[52],20,0.2349928915500641,0
42,[52],21,0.685291588306427,1
42,[52],22,0.5529611110687256,1
42,[52],23,0.7591065764427185,0
42,[52],24,0.20185768604278564,1
42,[52],25,0.23133178055286407,0
42,[52],26,0.41141051054000854,1
42,[52],27,0.08459870517253876,1
42,[52],28,0.651448130607605,0
42,[52],29,0.1967439502477646,1
42,[52],30,0.15609003603458405,1
42,[52],31,0.3635241389274597,1
42,[52],32,0.316331148147583,1
42,[52],33,0.3785678744316101,0
42,[52],34,0.15609806776046753,0
42,[52],35,0.5346668362617493,0
42,[52],36,0.17755676805973053,0
42,[52],37,0.31411290168762207,0
42,[52],38,0.24789336323738098,0
42,[52],39,0.4837091863155365,0
42,[52],40,0.07369434833526611,1
42,[52],41,0.22829709947109222,0
42,[52],42,0.22706158459186554,0
42,[52],43,0.1676657646894455,0
42,[52],44,0.41367197036743164,0
42,[52],45,0.3485485315322876,0
42,[52],46,0.4150986969470978,0
42,[52],47,0.1045258417725563,1
42,[52],48,0.10271046310663223,1
42,[52],49,0.06842634081840515,1
42,[52],50,0.3210919201374054,1
42,[52],51,0.34033313393592834,1
42,[52],53,0.01635049283504486,1
42,[52],54,0.3313796818256378,0
42,[52],55,0.7182348966598511,0
42,[52],56,0.5285616517066956,0
42,[52],57,0.17992369830608368,1
42,[52],58,0.15602247416973114,1
42,[52],59,0.5931272506713867,0
43,[24],0,0.20560185611248016,0
43,[24],1,0.30011409521102905,0
43,[24],2,0.11969713121652603,1
43,[24],3,0.07888443768024445,1
43,[24],4,0.08854736387729645,1
43,[24],5,0.05178593099117279,1
43,[24],6,0.30259034037590027,0
43,[24],7,0.3025110960006714,0
43,[24],8,0.044909507036209106,1
43,[24],9,0.2655760645866394,0
43,[24],10,0.19503076374530792,0
43,[24],11,0.06350556761026382,1
43,[24],12,0.09145477414131165,1
43,[24],13,0.25302305817604065,1
43,[24],14,0.1346741020679474,1
43,[24],15,0.09271702170372009,1
43,[24],16,0.09755801409482956,1
43,[24],17,0.10620730370283127,1
43,[24],18,0.09941866248846054,1
43,[24],19,0.14738541841506958,1
43,[24],20,0.20980821549892426,0
43,[24],21,0.2514974772930145,0
43,[24],22,0.1015496626496315,1
43,[24],23,0.5536649227142334,0
43,[24],25,0.019019443541765213,1
43,[24],26,0.23857927322387695,1
43,[24],27,0.07196012884378433,1
43,[24],28,0.3031451404094696,0
43,[24],29,0.07268063724040985,1
43,[24],30,0.15065427124500275,1
43,[24],31,0.190261110663414,0
43,[24],32,0.16834689676761627,0
43,[24],33,0.19259017705917358,0
43,[24],34,0.13347682356834412,1
43,[24],35,0.3102262020111084,0
43,[24],36,0.17944039404392242,0
43,[24],37,0.1561204493045807,1
43,[24],38,0.30062833428382874,0
43,[24],39,0.293598473072052,0
43,[24],40,0.2966896891593933,0
43,[24],41,0.20547331869602203,0
43,[24],42,0.14142268896102905,1
43,[24],43,0.14404596388339996,1
43,[24],44,0.15090367197990417,0
43,[24],45,0.10368640720844269,1
43,[24],46,0.3241468071937561,0
43,[24],47,0.2116512805223465,0
43,[24],48,0.10098220407962799,1
43,[24],49,0.10916803777217865,1
43,[24],50,0.3667515218257904,0
43,[24],51,0.3913581669330597,0
43,[24],52,0.15904274582862854,1
43,[24],53,0.133239284157753,1
43,[24],54,0.07400918006896973,1
43,[24],55,0.09529920667409897,1
43,[24],56,0.14080557227134705,1
43,[24],57,0.12198162078857422,1
43,[24],58,0.028021179139614105,1
43,[24],59,0.44327932596206665,0
44,[14],0,0.3191332221031189,0
44,[14],1,0.4716051518917084,0
44,[14],2,0.2420283406972885,0
44,[14],3,0.12230279296636581,0
44,[14],4,0.22061465680599213,0
44,[14],5,0.1072450578212738,1
44,[14],6,0.7012677192687988,0
44,[14],7,0.370135098695755,0
44,[14],8,0.09209657460451126,1
44,[14],9,0.3247615694999695,0
44,[14],10,0.24362778663635254,0
44,[14],11,0.12457817047834396,1
44,[14],12,0.14910660684108734,1
44,[14],13,0.4653814435005188,0
44,[14],15,0.235287606716156,1
44,[14],16,0.32046934962272644,0
44,[14],17,0.30159637331962585,1
44,[14],18,0.3544204533100128,0
44,[14],19,0.23393970727920532,0
44,[14],20,0.1928926408290863,1
44,[14],21,0.5342445969581604,0
44,[14],22,0.35565832257270813,0
44,[14],23,0.741475522518158,0
44,[14],24,0.18562856316566467,1
44,[14],25,0.16025732457637787,1
44,[14],26,0.2606644332408905,1
44,[14],27,0.10962618142366409,1
44,[14],28,0.4372383654117584,0
44,[14],29,0.11389973014593124,1
44,[14],30,0.3501311242580414,0
44,[14],31,0.3843790292739868,0
44,[14],32,0.33796462416648865,0
44,[14],33,0.3828442394733429,0
44,[14],34,0.2544720470905304,0
44,[14],35,0.25565478205680847,0
44,[14],36,0.2475697100162506,0
44,[14],37,0.246567964553833,0
44,[14],38,0.19668059051036835,0
44,[14],39,0.45077481865882874,0
44,[14],40,0.24473682045936584,1
44,[14],41,0.16856923699378967,1
44,[14],42,0.1286858171224594,1
44,[14],43,0.13582555949687958,1
44,[14],44,0.22557507455348969,1
44,[14],45,0.22050966322422028,0
44,[14],46,0.439376562833786,0
44,[14],47,0.16039812564849854,1
44,[14],48,0.1345413774251938,1
44,[14],49,0.15023285150527954,1
44,[14],50,0.28717780113220215,1
44,[14],51,0.28771457076072693,1
44,[14],52,0.12125996500253677,1
44,[14],53,0.09596109390258789,1
44,[14],54,0.16371262073516846,1
44,[14],55,0.3450966477394104,0
44,[14],56,0.23815850913524628,0
44,[14],57,0.16504603624343872,1
44,[14],58,0.06232212111353874,1
44,[14],59,0.6039006114006042,0
45,[32],0,0.3588208556175232,0
45,[32],1,0.4923458695411682,0
45,[32],2,0.2772977650165558,0
45,[32],3,0.14830155670642853,0
45,[32],4,0.24139845371246338,0
45,[32],5,0.11584137380123138,0
45,[32],6,0.5602098107337952,0
45,[32],7,0.3675420880317688,0
45,[32],8,0.15442310273647308,0
45,[32],9,0.2718226909637451,0
45,[32],10,0.08126206696033478,1
45,[32],11,0.125345841050148,1
45,[32],12,0.1512967348098755,1
45,[32],13,0.6341738700866699,0
45,[32],14,0.19599859416484833,1
45,[32],15,0.11998060345649719,1
45,[32],16,0.30147287249565125,0
45,[32],17,0.3033619821071625,0
45,[32],18,0.3344035744667053,1
45,[32],19,0.32007893919944763,0
45,[32],20,0.23566554486751556,0
45,[32],21,0.3150734007358551,0
45,[32],22,0.07218668609857559,1
45,[32],23,0.5804362297058105,0
45,[32],24,0.08464394509792328,1
45,[32],25,0.11994566768407822,0
45,[32],26,0.32277050614356995,0
45,[32],27,0.044316213577985764,1
45,[32],28,0.4308786690235138,0
45,[32],29,0.06544936448335648,1
45,[32],30,0.10108882933855057,1
45,[32],31,0.026756590232253075,1
45,[32],33,0.026565436273813248,1
45,[32],34,0.14547701179981232,1
45,[32],35,0.38492441177368164,0
45,[32],36,0.18837812542915344,1
45,[32],37,0.244193434715271,0
45,[32],38,0.21715311706066132,0
45,[32],39,0.4731677770614624,0
45,[32],40,0.2097901552915573,1
45,[32],41,0.18564586341381073,1
45,[32],42,0.17389853298664093,1
45,[32],43,0.17552673816680908,1
45,[32],44,0.2789836525917053,0
45,[32],45,0.24521341919898987,0
45,[32],46,0.3236646354198456,0
45,[32],47,0.15364313125610352,1
45,[32],48,0.11549101769924164,1
45,[32],49,0.08281615376472473,1
45,[32],50,0.3073519766330719,1
45,[32],51,0.31452327966690063,1
45,[32],52,0.15953761339187622,1
45,[32],53,0.11957275122404099,1
45,[32],54,0.1732204705476761,1
45,[32],55,0.38818106055259705,0
45,[32],56,0.242091104388237,0
45,[32],57,0.0933883786201477,1
45,[32],58,0.04970160871744156,1
45,[32],59,0.5869176983833313,0
46,[57],0,0.4084419310092926,0
46,[57],1,0.8193105459213257,0
46,[57],2,0.4224261939525604,0
46,[57],3,0.11356199532747269,1
46,[57],4,0.36377060413360596,0
46,[57],5,0.1905485987663269,0
46,[57],6,1.1084239482879639,0
46,[57],7,0.8009206652641296,0
46,[57],8,0.1901244819164276,1
46,[57],9,0.4018767476081848,0
46,[57],10,0.21121232211589813,0
46,[57],11,0.21594631671905518,1
46,[57],12,0.22363145649433136,0
46,[57],13,0.3884437084197998,0
46,[57],14,0.37476664781570435,0
46,[57],15,0.1899372935295105,0
46,[57],16,0.41261351108551025,0
46,[57],17,0.38341695070266724,0
46,[57],18,0.36883437633514404,0
46,[57],19,0.3720877170562744,0
46,[57],20,0.17636975646018982,1
46,[57],21,1.0296939611434937,0
46,[57],22,0.34883376955986023,1
46,[57],23,0.4942522943019867,0
46,[57],24,0.22663433849811554,0
46,[57],25,0.22944657504558563,0
46,[57],26,0.33506089448928833,1
46,[57],27,0.030604099854826927,1
46,[57],28,0.44993874430656433,0
46,[57],29,0.2948459982872009,1
46,[57],30,0.23382078111171722,0
46,[57],31,0.17576327919960022,1
46,[57],32,0.1800728738307953,1
46,[57],33,0.18678687512874603,1
46,[57],34,0.16896507143974304,0
46,[57],35,0.7181798219680786,0
46,[57],36,0.29869624972343445,0
46,[57],37,0.36559829115867615,0
46,[57],38,0.30998456478118896,0
46,[57],39,0.7262617945671082,0
46,[57],40,0.0775003656744957,1
46,[57],41,0.2557830512523651,0
46,[57],42,0.24626319110393524,0
46,[57],43,0.24948382377624512,0
46,[57],44,0.39808210730552673,0
46,[57],45,0.361908495426178,0
46,[57],46,0.8048434257507324,0
46,[57],47,0.0625421330332756,1
46,[57],48,0.08617530763149261,1
46,[57],49,0.030272357165813446,1
46,[57],50,0.5436694025993347,1
46,[57],51,0.5526252388954163,1
46,[57],52,0.0472315289080143,1
46,[57],53,0.04044304043054581,1
46,[57],54,0.3841905891895294,0
46,[57],55,0.6109340786933899,0
46,[57],56,0.4934038817882538,0
46,[57],58,0.07953015714883804,1
46,[57],59,0.7536874413490295,0
47,[11],0,0.2716326117515564,0
47,[11],1,0.3998759686946869,0
47,[11],2,0.21590930223464966,0
47,[11],3,0.11505550891160965,0
47,[11],4,0.1445598602294922,1
47,[11],5,0.055644843727350235,1
47,[11],6,0.6308423280715942,0
47,[11],7,0.3863520622253418,0
47,[11],8,0.10029935836791992,1
47,[11],9,0.20240554213523865,1
47,[11],10,0.13261482119560242,1
47,[11],12,0.09501701593399048,1
47,[11],13,0.4195893704891205,0
47,[11],14,0.10529074817895889,1
47,[11],15,0.11139577627182007,1
47,[11],16,0.13929332792758942,1
47,[11],17,0.13325481116771698,1
47,[11],18,0.12272720783948898,1
47,[11],19,0.15504240989685059,1
47,[11],20,0.18665148317813873,0
47,[11],21,0.48670321702957153,0
47,[11],22,0.20763163268566132,1
47,[11],23,0.8306615948677063,0
47,[11],24,0.10558784008026123,1
47,[11],25,0.13321562111377716,1
47,[11],26,0.21875067055225372,1
47,[11],27,0.02370566688477993,1
47,[11],28,0.3106686472892761,0
47,[11],29,0.12426865845918655,1
47,[11],30,0.19871008396148682,1
47,[11],31,0.16772086918354034,1
47,[11],32,0.1698511689901352,1
47,[11],33,0.18122629821300507,0
47,[11],34,0.1973324716091156,0
47,[11],35,0.35397136211395264,0
47,[11],36,0.15689101815223694,0
47,[11],37,0.24437010288238525,0
47,[11],38,0.16324235498905182,1
47,[11],39,0.5173748135566711,0
47,[11],40,0.14327287673950195,1
47,[11],41,0.13500399887561798,1
47,[11],42,0.10267434269189835,1
47,[11],43,0.12924109399318695,1
47,[11],44,0.20321717858314514,1
47,[11],45,0.1609961986541748,1
47,[11],46,0.34572795033454895,0
47,[11],47,0.0971289873123169,1
47,[11],48,0.1349695324897766,1
47,[11],49,0.06989751011133194,1
47,[11],50,0.22914016246795654,1
47,[11],51,0.22711290419101715,1
47,[11],52,0.12924174964427948,1
47,[11],53,0.10134994238615036,1
47,[11],54,0.10294608026742935,1
47,[11],55,0.35334378480911255,0
47,[11],56,0.1335228681564331,1
47,[11],57,0.14835995435714722,1
47,[11],58,0.05200354382395744,1
47,[11],59,0.7863362431526184,0
48,[19],0,0.1487158089876175,0
48,[19],1,0.19852718710899353,1
48,[19],2,0.1630985140800476,0
48,[19],3,0.08011384308338165,1
48,[19],4,0.15092293918132782,1
48,[19],5,0.06737912446260452,1
48,[19],6,0.7212809324264526,0
48,[19],7,0.20061610639095306,0
48,[19],8,0.11702632904052734,1
48,[19],9,0.29414597153663635,0
48,[19],10,0.335895836353302,0
48,[19],11,0.14488032460212708,1
48,[19],12,0.13665913045406342,1
48,[19],13,0.182096466422081,1
48,[19],14,0.15205118060112,1
48,[19],15,0.08836258202791214,1
48,[19],16,0.18505796790122986,0
48,[19],17,0.18554596602916718,1
48,[19],18,0.19469748437404633,1
48,[19],20,0.21819427609443665,1
48,[19],21,0.4814247190952301,0
48,[19],22,0.22824633121490479,0
48,[19],23,0.9939054250717163,0
48,[19],24,0.12851016223430634,1
48,[19],25,0.12166787683963776,1
48,[19],26,0.2681605815887451,0
48,[19],27,0.11856457591056824,1
48,[19],28,0.282370388507843,0
48,[19],29,0.12635129690170288,1
48,[19],30,0.19404886662960052,0
48,[19],31,0.22503598034381866,0
48,[19],32,0.22259820997714996,0
48,[19],33,0.21957427263259888,0
48,[19],34,0.21382606029510498,0
48,[19],35,0.15431427955627441,0
48,[19],36,0.1846919059753418,0
48,[19],37,0.16474343836307526,1
48,[19],38,0.35753393173217773,0
48,[19],39,0.3265853524208069,0
48,[19],40,0.34768012166023254,0
48,[19],41,0.24380993843078613,0
48,[19],42,0.18598054349422455,1
48,[19],43,0.19246183335781097,1
48,[19],44,0.16083842515945435,1
48,[19],45,0.12925182282924652,1
48,[19],46,0.48758843541145325,0
48,[19],47,0.13922862708568573,1
48,[19],48,0.1621890813112259,0
48,[19],49,0.1796647310256958,0
48,[19],50,0.4516163170337677,0
48,[19],51,0.49637851119041443,0
48,[19],52,0.14111654460430145,0
48,[19],53,0.10928243398666382,1
48,[19],54,0.10358681529760361,1
48,[19],55,0.10847892612218857,1
48,[19],56,0.20634372532367706,0
48,[19],57,0.19900083541870117,1
48,[19],58,0.07968829572200775,1
48,[19],59,0.4598907232284546,0
49,[26],0,0.5308109521865845,0
49,[26],1,0.7419077754020691,0
49,[26],2,0.4212934076786041,0
49,[26],3,0.08984112739562988,0
49,[26],4,0.36506712436676025,0
49,[26],5,0.13710331916809082,0
49,[26],6,1.0436469316482544,0
49,[26],7,0.7036464214324951,0
49,[26],8,0.17230138182640076,1
49,[26],9,0.42701274156570435,0
49,[26],10,0.3806825280189514,0
49,[26],11,0.1989462673664093,1
49,[26],12,0.2151205986738205,0
49,[26],13,0.5544132590293884,0
49,[26],14,0.38919010758399963,0
49,[26],15,0.30192652344703674,0
49,[26],16,0.2684975266456604,0
49,[26],17,0.24880002439022064,1
49,[26],18,0.25028422474861145,1
49,[26],19,0.3810763657093048,0
49,[26],20,0.10876841843128204,1
49,[26],21,0.5420799255371094,0
49,[26],22,0.2857665419578552,0
49,[26],23,0.5002631545066833,0
49,[26],24,0.21578434109687805,0
49,[26],25,0.20406801998615265,0
49,[26],27,0.09697085618972778,1
49,[26],28,0.5143387913703918,0
49,[26],29,0.12363403290510178,1
49,[26],30,0.2909550964832306,0
49,[26],31,0.34112709760665894,0
49,[26],32,0.3126433789730072,0
49,[26],33,0.3303166925907135,0
49,[26],34,0.2749086320400238,0
49,[26],35,0.4441269040107727,0
49,[26],36,0.4544273912906647,0
49,[26],37,0.3268797993659973,0
49,[26],38,0.40092623233795166,0
49,[26],39,0.6754433512687683,0
49,[26],40,0.10371509194374084,1
49,[26],41,0.33475348353385925,0
49,[26],42,0.2977224290370941,0
49,[26],43,0.22549617290496826,0
49,[26],44,0.3231647312641144,0
49,[26],45,0.4308274984359741,0
49,[26],46,0.8334264755249023,0
49,[26],47,0.061150021851062775,1
49,[26],48,0.12065104395151138,1
49,[26],49,0.050161343067884445,1
49,[26],50,0.3503994643688202,1
49,[26],51,0.3088948428630829,1
49,[26],52,0.10606434941291809,1
49,[26],53,0.09427253901958466,1
49,[26],54,0.36216065287590027,0
49,[26],55,0.6229345798492432,0
49,[26],56,0.46080994606018066,0
49,[26],57,0.06807085871696472,1
49,[26],58,0.19726061820983887,0
49,[26],59,1.1833059787750244,0
50,[11],0,0.2716326117515564,0
50,[11],1,0.3998759686946869,0
50,[11],2,0.21590930223464966,0
50,[11],3,0.11505550891160965,0
50,[11],4,0.1445598602294922,1
50,[11],5,0.055644843727350235,1
50,[11],6,0.6308423280715942,0
50,[11],7,0.3863520622253418,0
50,[11],8,0.10029935836791992,1
50,[11],9,0.20240554213523865,1
50,[11],10,0.13261482119560242,1
50,[11],12,0.09501701593399048,1
50,[11],13,0.4195893704891205,0
50,[11],14,0.10529074817895889,1
50,[11],15,0.11139577627182007,1
50,[11],16,0.13929332792758942,1
50,[11],17,0.13325481116771698,1
50,[11],18,0.12272720783948898,1
50,[11],19,0.15504240989685059,1
50,[11],20,0.18665148317813873,0
50,[11],21,0.48670321702957153,0
50,[11],22,0.20763163268566132,1
50,[11],23,0.8306615948677063,0
50,[11],24,0.10558784008026123,1
50,[11],25,0.13321562111377716,1
50,[11],26,0.21875067055225372,1
50,[11],27,0.02370566688477993,1
50,[11],28,0.3106686472892761,0
50,[11],29,0.12426865845918655,1
50,[11],30,0.19871008396148682,1
50,[11],31,0.16772086918354034,1
50,[11],32,0.1698511689901352,1
50,[11],33,0.18122629821300507,0
50,[11],34,0.1973324716091156,0
50,[11],35,0.35397136211395264,0
50,[11],36,0.15689101815223694,0
50,[11],37,0.24437010288238525,0
50,[11],38,0.16324235498905182,1
50,[11],39,0.5173748135566711,0
50,[11],40,0.14327287673950195,1
50,[11],41,0.13500399887561798,1
50,[11],42,0.10267434269189835,1
50,[11],43,0.12924109399318695,1
50,[11],44,0.20321717858314514,1
50,[11],45,0.1609961986541748,1
50,[11],46,0.34572795033454895,0
50,[11],47,0.0971289873123169,1
50,[11],48,0.1349695324897766,1
50,[11],49,0.06989751011133194,1
50,[11],50,0.22914016246795654,1
50,[11],51,0.22711290419101715,1
50,[11],52,0.12924174964427948,1
50,[11],53,0.10134994238615036,1
50,[11],54,0.10294608026742935,1
50,[11],55,0.35334378480911255,0
50,[11],56,0.1335228681564331,1
50,[11],57,0.14835995435714722,1
50,[11],58,0.05200354382395744,1
50,[11],59,0.7863362431526184,0
51,[43],0,0.25664180517196655,0
51,[43],1,0.3707674443721771,0
51,[43],2,0.24078117311000824,0
51,[43],3,0.09476220607757568,1
51,[43],4,0.2067290097475052,1
51,[43],5,0.13431575894355774,0
51,[43],6,0.498430997133255,0
51,[43],7,0.42274048924446106,0
51,[43],8,0.13975928723812103,1
51,[43],9,0.35410842299461365,0
51,[43],10,0.2854558229446411,0
51,[43],11,0.13107702136039734,1
51,[43],12,0.11574289947748184,1
51,[43],13,0.3816048800945282,0
51,[43],14,0.3115147054195404,0
51,[43],15,0.14061549305915833,1
51,[43],16,0.302040159702301,0
51,[43],17,0.29899322986602783,0
51,[43],18,0.3159147799015045,0
51,[43],19,0.26850759983062744,0
51,[43],20,0.19941650331020355,1
51,[43],21,0.49442058801651,0
51,[43],22,0.251995325088501,0
51,[43],23,0.6657509803771973,0
51,[43],24,0.16906899213790894,0
51,[43],25,0.16648951172828674,1
51,[43],26,0.284109503030777,1
51,[43],27,0.08220871537923813,1
51,[43],28,0.3634780943393707,0
51,[43],29,0.11291348189115524,1
51,[43],30,0.20930880308151245,1
51,[43],31,0.24030692875385284,0
51,[43],32,0.21704088151454926,0
51,[43],33,0.24082154035568237,0
51,[43],34,0.2100726068019867,0
51,[43],35,0.29880765080451965,0
51,[43],36,0.21422994136810303,0
51,[43],37,0.1815803349018097,0
51,[43],38,0.2798198461532593,0
51,[43],39,0.36779117584228516,0
51,[43],40,0.20120669901371002,1
51,[43],41,0.2176424115896225,1
51,[43],42,0.1555880755186081,1
51,[43],44,0.24063928425312042,0
51,[43],45,0.22002249956130981,0
51,[43],46,0.41392043232917786,0
51,[43],47,0.11072540283203125,1
51,[43],48,0.1572987139225006,1
51,[43],49,0.13457603752613068,1
51,[43],50,0.30170485377311707,0
51,[43],51,0.3188840448856354,0
51,[43],52,0.1392156481742859,1
51,[43],53,0.12171262502670288,1
51,[43],54,0.2750023603439331,0
51,[43],55,0.2879050374031067,0
51,[43],56,0.18721656501293182,1
51,[43],57,0.13310208916664124,1
51,[43],58,0.06185734272003174,1
51,[43],59,0.4109310805797577,0
52,[47],0,0.2847587466239929,0
52,[47],1,0.5415214896202087,0
52,[47],2,0.3349161148071289,0
52,[47],3,0.19495418667793274,1
52,[47],4,0.2931622862815857,1
52,[47],5,0.17271825671195984,0
52,[47],6,0.9653635025024414,0
52,[47],7,0.4826662838459015,0
52,[47],8,0.18433332443237305,1
52,[47],9,0.38990873098373413,0
52,[47],10,0.28776320815086365,0
52,[47],11,0.133510559797287,1
52,[47],12,0.1751806139945984,1
52,[47],13,0.6170739531517029,0
52,[47],14,0.26805633306503296,1
52,[47],15,0.1633371263742447,1
52,[47],16,0.5535233020782471,0
52,[47],17,0.6085054874420166,0
52,[47],18,0.6367543935775757,0
52,[47],19,0.24396753311157227,0
52,[47],20,0.5419134497642517,0
52,[47],21,1.4734104871749878,0
52,[47],22,0.4698171019554138,1
52,[47],23,0.9706777334213257,0
52,[47],24,0.3208145499229431,0
52,[47],25,0.24110260605812073,0
52,[47],26,0.6084547638893127,1
52,[47],27,0.08279957622289658,1
52,[47],28,0.4632885158061981,0
52,[47],29,0.1763605922460556,1
52,[47],30,0.2276930809020996,1
52,[47],31,0.2894219160079956,0
52,[47],32,0.31171655654907227,0
52,[47],33,0.33825719356536865,0
52,[47],34,0.2785852253437042,0
52,[47],35,0.5087754130363464,0
52,[47],36,0.27730631828308105,0
52,[47],37,0.2388290911912918,0
52,[47],38,0.3681541681289673,0
52,[47],39,0.45907920598983765,0
52,[47],40,0.15018871426582336,1
52,[47],41,0.22609637677669525,1
52,[47],42,0.20242543518543243,1
52,[47],43,0.19960808753967285,1
52,[47],44,0.37069419026374817,0
52,[47],45,0.28195908665657043,0
52,[47],46,0.5415729284286499,0
52,[47],48,0.04870184138417244,1
52,[47],49,0.11696890741586685,1
52,[47],50,0.38720592856407166,1
52,[47],51,0.345819890499115,0
52,[47],52,0.18418961763381958,1
52,[47],53,0.16356389224529266,1
52,[47],54,0.20356759428977966,0
52,[47],55,0.52782142162323,0
52,[47],56,0.5163838267326355,0
52,[47],57,0.13175393640995026,1
52,[47],58,0.10143318772315979,1
52,[47],59,0.7167876958847046,0
53,[28],0,0.26838409900665283,0
53,[28],1,0.3781864047050476,0
53,[28],2,0.21533720195293427,0
53,[28],3,0.0972742885351181,1
53,[28],4,0.1646302491426468,1
53,[28],5,0.08843662589788437,1
53,[28],6,0.4845512807369232,0
53,[28],7,0.3331950604915619,0
53,[28],8,0.09204797446727753,1
53,[28],9,0.2843480408191681,0
53,[28],10,0.21534647047519684,0
53,[28],11,0.13774751126766205,1
53,[28],12,0.12486032396554947,1
53,[28],13,0.41700005531311035,0
53,[28],14,0.11040248721837997,1
53,[28],15,0.1314866691827774,1
53,[28],16,0.2907636761665344,1
53,[28],17,0.23148521780967712,1
53,[28],18,0.23461389541625977,1
53,[28],19,0.1864432543516159,1
53,[28],20,0.18475569784641266,1
53,[28],21,0.4786042273044586,0
53,[28],22,0.22922496497631073,1
53,[28],23,0.7011109590530396,0
53,[28],24,0.14252565801143646,1
53,[28],25,0.14995983242988586,1
53,[28],26,0.2551819384098053,1
53,[28],27,0.09925609827041626,1
53,[28],29,0.06333371251821518,1
53,[28],30,0.24447935819625854,0
53,[28],31,0.25078698992729187,0
53,[28],32,0.3009164035320282,0
53,[28],33,0.26346492767333984,0
53,[28],34,0.2587031424045563,0
53,[28],35,0.2996063530445099,0
53,[28],36,0.1933876872062683,0
53,[28],37,0.16181957721710205,0
53,[28],38,0.21373684704303741,0
53,[28],39,0.3909604251384735,0
53,[28],40,0.22162345051765442,1
53,[28],41,0.16514255106449127,1
53,[28],42,0.11561126261949539,1
53,[28],43,0.1923513412475586,1
53,[28],44,0.17977526783943176,1
53,[28],45,0.21054071187973022,0
53,[28],46,0.4801245927810669,0
53,[28],47,0.12325099110603333,1
53,[28],48,0.17539545893669128,1
53,[28],49,0.0987304151058197,1
53,[28],50,0.2910861670970917,0
53,[28],51,0.25048404932022095,1
53,[28],52,0.1562132090330124,1
53,[28],53,0.13128657639026642,1
53,[28],54,0.1499052494764328,1
53,[28],55,0.2646375894546509,0
53,[28],56,0.1792522668838501,1
53,[28],57,0.1508084535598755,1
53,[28],58,0.06654152274131775,1
53,[28],59,0.501739501953125,0
54,[25],0,0.20042233169078827,0
54,[25],1,0.32085856795310974,0
54,[25],2,0.1326594203710556,1
54,[25],3,0.08546449989080429,1
54,[25],4,0.1224348321557045,1
54,[25],5,0.03634921461343765,1
54,[25],6,0.4164055287837982,0
54,[25],7,0.31634581089019775,0
54,[25],8,0.04263320565223694,1
54,[25],9,0.28268736600875854,0
54,[25],10,0.20607778429985046,0
54,[25],11,0.07157393544912338,1
54,[25],12,0.10202421993017197,1
54,[25],13,0.2521054148674011,1
54,[25],14,0.10922244936227798,1
54,[25],15,0.06651081889867783,1
54,[25],16,0.15686005353927612,1
54,[25],17,0.15964773297309875,1
54,[25],18,0.13659869134426117,1
54,[25],19,0.12252804636955261,1
54,[25],20,0.21939145028591156,0
54,[25],21,0.24974274635314941,0
54,[25],22,0.12391464412212372,1
54,[25],23,0.5650079250335693,0
54,[25],24,0.04097789525985718,1
54,[25],26,0.2568986117839813,1
54,[25],27,0.0652325376868248,1
54,[25],28,0.32592299580574036,0
54,[25],29,0.061368171125650406,1
54,[25],30,0.1444292664527893,1
54,[25],31,0.16590923070907593,1
54,[25],32,0.1687449812889099,1
54,[25],33,0.1793915182352066,1
54,[25],34,0.12723450362682343,1
54,[25],35,0.30386999249458313,0
54,[25],36,0.18037547171115875,1
54,[25],37,0.18987518548965454,1
54,[25],38,0.24224302172660828,0
54,[25],39,0.3086109757423401,0
54,[25],40,0.2440115213394165,0
54,[25],41,0.18883304297924042,0
54,[25],42,0.13293379545211792,1
54,[25],43,0.1492178738117218,1
54,[25],44,0.1534355729818344,0
54,[25],45,0.1211332157254219,1
54,[25],46,0.28182700276374817,0
54,[25],47,0.22031933069229126,0
54,[25],48,0.09897586703300476,1
54,[25],49,0.12726962566375732,1
54,[25],50,0.41666045784950256,0
54,[25],51,0.42751938104629517,0
54,[25],52,0.18665561079978943,0
54,[25],53,0.1566876322031021,1
54,[25],54,0.08665210008621216,1
54,[25],55,0.08028576523065567,1
54,[25],56,0.14296038448810577,1
54,[25],57,0.1478298157453537,1
54,[25],58,0.03507702797651291,1
54,[25],59,0.49126458168029785,0
55,[44],0,0.20931950211524963,0
55,[44],1,0.28738078474998474,0
55,[44],2,0.16537991166114807,1
55,[44],3,0.1018105074763298,1
55,[44],4,0.14622262120246887,1
55,[44],5,0.09560797363519669,1
55,[44],6,0.5358841419219971,0
55,[44],7,0.2659202814102173,0
55,[44],8,0.12606839835643768,1
55,[44],9,0.4471157193183899,0
55,[44],10,0.27528879046440125,0
55,[44],11,0.1457163393497467,1
55,[44],12,0.1802910566329956,1
55,[44],13,0.22805805504322052,1
55,[44],14,0.2201344221830368,1
55,[44],15,0.14144930243492126,1
55,[44],16,0.27557918429374695,1
55,[44],17,0.2795097827911377,1
55,[44],18,0.3006443381309509,1
55,[44],19,0.1626693159341812,1
55,[44],20,0.2950271964073181,0
55,[44],21,0.3995981216430664,0
55,[44],22,0.30089253187179565,1
55,[44],23,0.6295620203018188,0
55,[44],24,0.15176492929458618,1
55,[44],25,0.14815860986709595,1
55,[44],26,0.2917962670326233,1
55,[44],27,0.11580238491296768,1
55,[44],28,0.3226265609264374,0
55,[44],29,0.12978339195251465,1
55,[44],30,0.2677915394306183,1
55,[44],31,0.3187682628631592,0
55,[44],32,0.2825270891189575,0
55,[44],33,0.324876070022583,0
55,[44],34,0.25887447595596313,0
55,[44],35,0.15305569767951965,0
55,[44],36,0.2303091585636139,0
55,[44],37,0.16061489284038544,1
55,[44],38,0.33478522300720215,0
55,[44],39,0.30275729298591614,0
55,[44],40,0.39935302734375,0
55,[44],41,0.2565043270587921,0
55,[44],42,0.17418766021728516,1
55,[44],43,0.18034087121486664,1
55,[44],45,0.17204055190086365,1
55,[44],46,0.426632285118103,0
55,[44],47,0.1898747831583023,0
55,[44],48,0.19638177752494812,1
55,[44],49,0.12254498898983002,1
55,[44],50,0.4078792333602905,0
55,[44],51,0.41092053055763245,0
55,[44],52,0.13102948665618896,1
55,[44],53,0.10706392675638199,1
55,[44],54,0.13098858296871185,1
55,[44],55,0.13882754743099213,1
55,[44],56,0.19898658990859985,1
55,[44],57,0.28215572237968445,1
55,[44],58,0.09113287925720215,1
55,[44],59,0.4425663948059082,0
56,[34],0,0.36257094144821167,0
56,[34],1,0.6189292669296265,0
56,[34],2,0.37068378925323486,0
56,[34],3,0.15012624859809875,0
56,[34],4,0.281085729598999,0
56,[34],5,0.11791165918111801,1
56,[34],6,0.3618777394294739,0
56,[34],7,0.6005351543426514,0
56,[34],8,0.1525591015815735,1
56,[34],9,0.39574384689331055,0
56,[34],10,0.1591358482837677,0
56,[34],11,0.1303410530090332,1
56,[34],12,0.16098642349243164,1
56,[34],13,0.5913802981376648,0
56,[34],14,0.19075195491313934,0
56,[34],15,0.20647777616977692,0
56,[34],16,0.49555981159210205,0
56,[34],17,0.4528009295463562,0
56,[34],18,0.4635758399963379,0
56,[34],19,0.2864209711551666,0
56,[34],20,0.30452704429626465,0
56,[34],21,0.5960351824760437,0
56,[34],22,0.3298647403717041,1
56,[34],23,0.650549590587616,0
56,[34],24,0.20023134350776672,0
56,[34],25,0.2268204689025879,0
56,[34],26,0.3186110854148865,1
56,[34],27,0.056604571640491486,1
56,[34],28,0.4518378674983978,0
56,[34],29,0.08937680721282959,1
56,[34],30,0.2148466557264328,1
56,[34],31,0.306490957736969,0
56,[34],32,0.3144339323043823,0
56,[34],33,0.29551395773887634,0
56,[34],35,0.32503557205200195,0
56,[34],36,0.2389981746673584,0
56,[34],37,0.16304846107959747,1
56,[34],38,0.26446810364723206,0
56,[34],39,0.3580414354801178,0
56,[34],40,0.11328397691249847,1
56,[34],41,0.22539697587490082,0
56,[34],42,0.20139433443546295,0
56,[34],43,0.2535274028778076,0
56,[34],44,0.3371163010597229,1
56,[34],45,0.26161038875579834,0
56,[34],46,0.3462313711643219,0
56,[34],47,0.2034817934036255,1
56,[34],48,0.06623150408267975,1
56,[34],49,0.06081987917423248,1
56,[34],50,0.22301538288593292,1
56,[34],51,0.2665341794490814,1
56,[34],52,0.17575785517692566,0
56,[34],53,0.13090534508228302,1
56,[34],54,0.1424865424633026,1
56,[34],55,0.4661111831665039,0
56,[34],56,0.34932613372802734,0
56,[34],57,0.10424195975065231,1
56,[34],58,0.07201551645994186,1
56,[34],59,0.36518529057502747,0
57,[10],0,0.4124564230442047,0
57,[10],1,0.562204122543335,0
57,[10],2,0.23221455514431,0
57,[10],3,0.1574973464012146,1
57,[10],4,0.27218666672706604,0
57,[10],5,0.09718690067529678,1
57,[10],6,0.5728731751441956,0
57,[10],7,0.517031729221344,0
57,[10],8,0.09071392565965652,1
57,[10],9,0.23492732644081116,0
57,[10],11,0.09904750436544418,1
57,[10],12,0.14710307121276855,1
57,[10],13,0.48665475845336914,0
57,[10],14,0.14294923841953278,1
57,[10],15,0.10286710411310196,1
57,[10],16,0.2517302930355072,0
57,[10],17,0.2300846427679062,1
57,[10],18,0.24176257848739624,1
57,[10],19,0.1901266723871231,1
57,[10],20,0.18849828839302063,0
57,[10],21,0.6883378028869629,0
57,[10],22,0.1617685854434967,1
57,[10],23,0.5926545262336731,0
57,[10],24,0.12670859694480896,1
57,[10],25,0.1851641982793808,0
57,[10],26,0.27343103289604187,1
57,[10],27,0.06022530421614647,1
57,[10],28,0.331830233335495,0
57,[10],29,0.12262360751628876,1
57,[10],30,0.20476675033569336,1
57,[10],31,0.13684947788715363,1
57,[10],32,0.13518235087394714,1
57,[10],33,0.14700013399124146,1
57,[10],34,0.12233354151248932,1
57,[10],35,0.3854415714740753,0
57,[10],36,0.11090360581874847,1
57,[10],37,0.163218155503273,0
57,[10],38,0.14603368937969208,0
57,[10],39,0.5304954648017883,0
57,[10],40,0.18508955836296082,1
57,[10],41,0.18339820206165314,1
57,[10],42,0.13842390477657318,1
57,[10],43,0.22788675129413605,0
57,[10],44,0.25348734855651855,1
57,[10],45,0.17517606914043427,0
57,[10],46,0.2738220691680908,0
57,[10],47,0.08666680008172989,1
57,[10],48,0.07774737477302551,1
57,[10],49,0.08730531483888626,1
57,[10],50,0.29924818873405457,0
57,[10],51,0.31157568097114563,0
57,[10],52,0.11162673681974411,1
57,[10],53,0.09104602038860321,1
57,[10],54,0.1457287222146988,1
57,[10],55,0.5049088001251221,0
57,[10],56,0.2977989614009857,0
57,[10],57,0.12482728064060211,1
57,[10],58,0.060284022241830826,1
57,[10],59,0.6327233910560608,0
58,[11],0,0.2716326117515564,0
58,[11],1,0.3998759686946869,0
58,[11],2,0.21590930223464966,0
58,[11],3,0.11505550891160965,0
58,[11],4,0.1445598602294922,1
58,[11],5,0.055644843727350235,1
58,[11],6,0.6308423280715942,0
58,[11],7,0.3863520622253418,0
58,[11],8,0.10029935836791992,1
58,[11],9,0.20240554213523865,1
58,[11],10,0.13261482119560242,1
58,[11],12,0.09501701593399048,1
58,[11],13,0.4195893704891205,0
58,[11],14,0.10529074817895889,1
58,[11],15,0.11139577627182007,1
58,[11],16,0.13929332792758942,1
58,[11],17,0.13325481116771698,1
58,[11],18,0.12272720783948898,1
58,[11],19,0.15504240989685059,1
58,[11],20,0.18665148317813873,0
58,[11],21,0.48670321702957153,0
58,[11],22,0.20763163268566132,1
58,[11],23,0.8306615948677063,0
58,[11],24,0.10558784008026123,1
58,[11],25,0.13321562111377716,1
58,[11],26,0.21875067055225372,1
58,[11],27,0.02370566688477993,1
58,[11],28,0.3106686472892761,0
58,[11],29,0.12426865845918655,1
58,[11],30,0.19871008396148682,1
58,[11],31,0.16772086918354034,1
58,[11],32,0.1698511689901352,1
58,[11],33,0.18122629821300507,0
58,[11],34,0.1973324716091156,0
58,[11],35,0.35397136211395264,0
58,[11],36,0.15689101815223694,0
58,[11],37,0.24437010288238525,0
58,[11],38,0.16324235498905182,1
58,[11],39,0.5173748135566711,0
58,[11],40,0.14327287673950195,1
58,[11],41,0.13500399887561798,1
58,[11],42,0.10267434269189835,1
58,[11],43,0.12924109399318695,1
58,[11],44,0.20321717858314514,1
58,[11],45,0.1609961986541748,1
58,[11],46,0.34572795033454895,0
58,[11],47,0.0971289873123169,1
58,[11],48,0.1349695324897766,1
58,[11],49,0.06989751011133194,1
58,[11],50,0.22914016246795654,1
58,[11],51,0.22711290419101715,1
58,[11],52,0.12924174964427948,1
58,[11],53,0.10134994238615036,1
58,[11],54,0.10294608026742935,1
58,[11],55,0.35334378480911255,0
58,[11],56,0.1335228681564331,1
58,[11],57,0.14835995435714722,1
58,[11],58,0.05200354382395744,1
58,[11],59,0.7863362431526184,0
59,[30],0,0.30802828073501587,0
59,[30],1,0.5349965691566467,0
59,[30],2,0.29252976179122925,0
59,[30],3,0.14180175960063934,0
59,[30],4,0.246895432472229,0
59,[30],5,0.10436820238828659,0
59,[30],6,0.7512006759643555,0
59,[30],7,0.4737932085990906,0
59,[30],8,0.15963076055049896,1
59,[30],9,0.4023051857948303,0
59,[30],10,0.18622709810733795,0
59,[30],11,0.13191266357898712,1
59,[30],12,0.18338201940059662,0
59,[30],13,0.616325855255127,0
59,[30],14,0.24166114628314972,0
59,[30],15,0.11573612689971924,1
59,[30],16,0.3090550899505615,0
59,[30],17,0.31160327792167664,0
59,[30],18,0.30930474400520325,0
59,[30],19,0.34023144841194153,0
59,[30],20,0.1941343992948532,1
59,[30],21,0.3068446218967438,0
59,[30],22,0.13652434945106506,1
59,[30],23,0.5940454602241516,0
59,[30],24,0.11861152946949005,1
59,[30],25,0.17627158761024475,1
59,[30],26,0.2751690745353699,1
59,[30],27,0.032445866614580154,1
59,[30],28,0.4114497900009155,0
59,[30],29,0.055083904415369034,1
59,[30],31,0.08806806057691574,1
59,[30],32,0.09972216933965683,1
59,[30],33,0.09824834018945694,1
59,[30],34,0.14072957634925842,1
59,[30],35,0.4417106807231903,0
59,[30],36,0.22918391227722168,1
59,[30],37,0.25091251730918884,1
59,[30],38,0.2652946412563324,0
59,[30],39,0.5974313020706177,0
59,[30],40,0.18555685877799988,1
59,[30],41,0.18567848205566406,1
59,[30],42,0.19415819644927979,1
59,[30],43,0.20815901458263397,0
59,[30],44,0.2727782130241394,0
59,[30],45,0.28500470519065857,0
59,[30],46,0.4766108989715576,0
59,[30],47,0.1621682196855545,1
59,[30],48,0.12768979370594025,1
59,[30],49,0.07627201825380325,1
59,[30],50,0.25282296538352966,1
59,[30],51,0.26729536056518555,1
59,[30],52,0.16543273627758026,1
59,[30],53,0.13507473468780518,1
59,[30],54,0.19921797513961792,0
59,[30],55,0.4380151331424713,0
59,[30],56,0.376756876707077,0
59,[30],57,0.10510502755641937,1
59,[30],58,0.050046518445014954,1
59,[30],59,0.7982404828071594,0
60,[18],0,0.2219618856906891,0
60,[18],1,0.28379109501838684,0
60,[18],2,0.16268888115882874,1
60,[18],3,0.0756349191069603,1
60,[18],4,0.1372823566198349,1
60,[18],5,0.04463322088122368,1
60,[18],6,0.41112270951271057,0
60,[18],7,0.25651562213897705,0
60,[18],8,0.06442995369434357,1
60,[18],9,0.2725629210472107,0
60,[18],10,0.1984739452600479,0
60,[18],11,0.11939217150211334,1
60,[18],12,0.11624985933303833,1
60,[18],13,0.2807297110557556,0
60,[18],14,0.12508831918239594,1
60,[18],15,0.09395305067300797,1
60,[18],16,0.06996763497591019,1
60,[18],17,0.04406547173857689,1
60,[18],19,0.15018433332443237,1
60,[18],20,0.3504016697406769,0
60,[18],21,0.41878291964530945,0
60,[18],22,0.2276233732700348,1
60,[18],23,0.7258784174919128,0
60,[18],24,0.12099717557430267,1
60,[18],25,0.1129554882645607,1
60,[18],26,0.3356705904006958,0
60,[18],27,0.20086166262626648,0
60,[18],28,0.3423605263233185,0
60,[18],29,0.07389824837446213,1
60,[18],30,0.2288569211959839,1
60,[18],31,0.2548728287220001,0
60,[18],32,0.27742910385131836,0
60,[18],33,0.2621198892593384,0
60,[18],34,0.20498380064964294,1
60,[18],35,0.21373148262500763,0
60,[18],36,0.19661693274974823,1
60,[18],37,0.1875060498714447,1
60,[18],38,0.29281362891197205,0
60,[18],39,0.3399098515510559,0
60,[18],40,0.3083253502845764,0
60,[18],41,0.21260930597782135,1
60,[18],42,0.15549398958683014,1
60,[18],43,0.1858454793691635,1
60,[18],44,0.14488530158996582,1
60,[18],45,0.15291891992092133,1
60,[18],46,0.5479574799537659,0
60,[18],47,0.16952356696128845,0
60,[18],48,0.22602203488349915,0
60,[18],49,0.11451540887355804,1
60,[18],50,0.3566126525402069,0
60,[18],51,0.3581727147102356,0
60,[18],52,0.20482318103313446,1
60,[18],53,0.16200321912765503,1
60,[18],54,0.10524563491344452,1
60,[18],55,0.1580875962972641,1
60,[18],56,0.16666673123836517,1
60,[18],57,0.15449294447898865,1
60,[18],58,0.04784834757447243,1
60,[18],59,0.5553950667381287,0
61,[58],0,0.27547726035118103,0
61,[58],1,0.35182327032089233,0
61,[58],2,0.1998751163482666,0
61,[58],3,0.09112463891506195,1
61,[58],4,0.23379485309123993,1
61,[58],5,0.06847385317087173,1
61,[58],6,0.4815584719181061,0
61,[58],7,0.4600955843925476,0
61,[58],8,0.05203000456094742,1
61,[58],9,0.5656949281692505,0
61,[58],10,0.26157277822494507,0
61,[58],11,0.12476397305727005,1
61,[58],12,0.12031734734773636,1
61,[58],13,0.4304470121860504,0
61,[58],14,0.2863353192806244,1
61,[58],15,0.08640236407518387,1
61,[58],16,0.20866622030735016,0
61,[58],17,0.22285018861293793,1
61,[58],18,0.22356519103050232,1
61,[58],19,0.17044660449028015,1
61,[58],20,0.23148243129253387,0
61,[58],21,0.7080553770065308,0
61,[58],22,0.27701616287231445,0
61,[58],23,0.9031394720077515,0
61,[58],24,0.1699400097131729,1
61,[58],25,0.17676229774951935,1
61,[58],26,0.3493160605430603,1
61,[58],27,0.07775217294692993,1
61,[58],28,0.36803463101387024,0
61,[58],29,0.1642255038022995,1
61,[58],30,0.20807082951068878,1
61,[58],31,0.27519690990448,0
61,[58],32,0.21550552546977997,0
61,[58],33,0.2660248279571533,0
61,[58],34,0.15273568034172058,1
61,[58],35,0.3010390102863312,0
61,[58],36,0.13922682404518127,1
61,[58],37,0.16864322125911713,1
61,[58],38,0.19620531797409058,0
61,[58],39,0.2995137572288513,0
61,[58],40,0.30305781960487366,0
61,[58],41,0.1525692343711853,1
61,[58],42,0.13650107383728027,1
61,[58],43,0.09705382585525513,1
61,[58],44,0.20622119307518005,1
61,[58],45,0.21102029085159302,0
61,[58],46,0.30458927154541016,0
61,[58],47,0.20753031969070435,0
61,[58],48,0.15315477550029755,1
61,[58],49,0.14184363186359406,1
61,[58],50,0.43813085556030273,0
61,[58],51,0.49226322770118713,0
61,[58],52,0.15077903866767883,1
61,[58],53,0.11610249429941177,1
61,[58],54,0.1372966468334198,1
61,[58],55,0.32593610882759094,0
61,[58],56,0.1958625316619873,1
61,[58],57,0.22261622548103333,1
61,[58],59,0.25800472497940063,1
62,[32],0,0.3588208556175232,0
62,[32],1,0.4923458695411682,0
62,[32],2,0.2772977650165558,0
62,[32],3,0.14830155670642853,0
62,[32],4,0.24139845371246338,0
62,[32],5,0.11584137380123138,0
62,[32],6,0.5602098107337952,0
62,[32],7,0.3675420880317688,0
62,[32],8,0.15442310273647308,0
62,[32],9,0.2718226909637451,0
62,[32],10,0.08126206696033478,1
62,[32],11,0.125345841050148,1
62,[32],12,0.1512967348098755,1
62,[32],13,0.6341738700866699,0
62,[32],14,0.19599859416484833,1
62,[32],15,0.11998060345649719,1
62,[32],16,0.30147287249565125,0
62,[32],17,0.3033619821071625,0
62,[32],18,0.3344035744667053,1
62,[32],19,0.32007893919944763,0
62,[32],20,0.23566554486751556,0
62,[32],21,0.3150734007358551,0
62,[32],22,0.07218668609857559,1
62,[32],23,0.5804362297058105,0
62,[32],24,0.08464394509792328,1
62,[32],25,0.11994566768407822,0
62,[32],26,0.32277050614356995,0
62,[32],27,0.044316213577985764,1
62,[32],28,0.4308786690235138,0
62,[32],29,0.06544936448335648,1
62,[32],30,0.10108882933855057,1
62,[32],31,0.026756590232253075,1
62,[32],33,0.026565436273813248,1
62,[32],34,0.14547701179981232,1
62,[32],35,0.38492441177368164,0
62,[32],36,0.18837812542915344,1
62,[32],37,0.244193434715271,0
62,[32],38,0.21715311706066132,0
62,[32],39,0.4731677770614624,0
62,[32],40,0.2097901552915573,1
62,[32],41,0.18564586341381073,1
62,[32],42,0.17389853298664093,1
62,[32],43,0.17552673816680908,1
62,[32],44,0.2789836525917053,0
62,[32],45,0.24521341919898987,0
62,[32],46,0.3236646354198456,0
62,[32],47,0.15364313125610352,1
62,[32],48,0.11549101769924164,1
62,[32],49,0.08281615376472473,1
62,[32],50,0.3073519766330719,1
62,[32],51,0.31452327966690063,1
62,[32],52,0.15953761339187622,1
62,[32],53,0.11957275122404099,1
62,[32],54,0.1732204705476761,1
62,[32],55,0.38818106055259705,0
62,[32],56,0.242091104388237,0
62,[32],57,0.0933883786201477,1
62,[32],58,0.04970160871744156,1
62,[32],59,0.5869176983833313,0
63,[37],0,0.27252084016799927,0
63,[37],1,0.28099048137664795,0
63,[37],2,0.15623611211776733,1
63,[37],3,0.17094360291957855,1
63,[37],4,0.14298102259635925,1
63,[37],5,0.09882903099060059,1
63,[37],6,0.18106837570667267,1
63,[37],7,0.28289249539375305,1
63,[37],8,0.1095820888876915,1
63,[37],9,0.4241354465484619,0
63,[37],10,0.2530863583087921,1
63,[37],11,0.08689817041158676,1
63,[37],12,0.10722297430038452,1
63,[37],13,0.4161403179168701,0
63,[37],14,0.25685927271842957,0
63,[37],15,0.2356879562139511,1
63,[37],16,0.4143035113811493,1
63,[37],17,0.38094136118888855,1
63,[37],18,0.39342060685157776,1
63,[37],19,0.18082194030284882,1
63,[37],20,0.4575759470462799,0
63,[37],21,0.3852865695953369,1
63,[37],22,0.30862000584602356,1
63,[37],23,0.6711145043373108,0
63,[37],24,0.16994647681713104,1
63,[37],25,0.1712464839220047,1
63,[37],26,0.4046122133731842,0
63,[37],27,0.1258115917444229,1
63,[37],28,0.40770021080970764,0
63,[37],29,0.25478395819664,1
63,[37],30,0.2828458249568939,1
63,[37],31,0.2938360571861267,0
63,[37],32,0.29592856764793396,0
63,[37],33,0.29671546816825867,0
63,[37],34,0.2503702640533447,0
63,[37],35,0.053950224071741104,1
63,[37],36,0.7540374994277954,0
63,[37],38,0.7332600355148315,0
63,[37],39,0.3663442134857178,0
63,[37],40,0.37341564893722534,0
63,[37],41,0.28124114871025085,0
63,[37],42,0.21784771978855133,1
63,[37],43,0.2635882794857025,0
63,[37],44,0.19391284883022308,1
63,[37],45,0.1630862057209015,1
63,[37],46,0.4482957124710083,0
63,[37],47,0.42808687686920166,0
63,[37],48,0.15377894043922424,1
63,[37],49,0.13432946801185608,1
63,[37],50,0.34124910831451416,0
63,[37],51,0.39221033453941345,0
63,[37],52,0.2230805903673172,1
63,[37],53,0.18533235788345337,1
63,[37],54,0.15513069927692413,1
63,[37],55,0.1650623083114624,1
63,[37],56,0.2074611634016037,1
63,[37],57,0.27822965383529663,1
63,[37],58,0.0825306698679924,1
63,[37],59,0.27737247943878174,0
64,[55],0,0.1563868373632431,1
64,[55],1,0.27758991718292236,0
64,[55],2,0.1537518948316574,1
64,[55],3,0.11668425053358078,1
64,[55],4,0.17925938963890076,0
64,[55],5,0.10645359009504318,0
64,[55],6,0.4245261549949646,0
64,[55],7,0.31815144419670105,0
64,[55],8,0.12217728048563004,1
64,[55],9,0.25288063287734985,0
64,[55],10,0.1775715947151184,0
64,[55],11,0.12090452760457993,1
64,[55],12,0.12732942402362823,1
64,[55],13,0.34412750601768494,0
64,[55],14,0.11483311653137207,1
64,[55],15,0.13619816303253174,1
64,[55],16,0.21882185339927673,1
64,[55],17,0.2114611268043518,1
64,[55],18,0.19446295499801636,1
64,[55],19,0.11675325781106949,1
64,[55],20,0.16502857208251953,1
64,[55],21,0.2938675284385681,0
64,[55],22,0.17740163207054138,1
64,[55],23,0.7283260226249695,0
64,[55],24,0.10894516855478287,1
64,[55],25,0.09045456349849701,1
64,[55],26,0.2099086046218872,1
64,[55],27,0.09735366702079773,1
64,[55],28,0.3810894191265106,0
64,[55],29,0.07477609813213348,1
64,[55],30,0.20720379054546356,1
64,[55],31,0.22870489954948425,0
64,[55],32,0.22447821497917175,0
64,[55],33,0.2278500646352768,0
64,[55],34,0.21670414507389069,0
64,[55],35,0.2087509036064148,0
64,[55],36,0.293485164642334,0
64,[55],37,0.15569421648979187,0
64,[55],38,0.35128915309906006,0
64,[55],39,0.3880137801170349,0
64,[55],40,0.2534826099872589,0
64,[55],41,0.1885858178138733,1
64,[55],42,0.13930584490299225,1
64,[55],43,0.1462751179933548,1
64,[55],44,0.18629056215286255,1
64,[55],45,0.19687949120998383,0
64,[55],46,0.43798840045928955,0
64,[55],47,0.17266711592674255,1
64,[55],48,0.1459421068429947,1
64,[55],49,0.11788981407880783,1
64,[55],50,0.35829710960388184,0
64,[55],51,0.3781936764717102,0
64,[55],52,0.13359960913658142,1
64,[55],53,0.110369972884655,1
64,[55],54,0.11091369390487671,1
64,[55],56,0.14667975902557373,1
64,[55],57,0.09980164468288422,1
64,[55],58,0.0596708282828331,1
64,[55],59,0.45322859287261963,0
65,[47],0,0.2847587466239929,0
65,[47],1,0.5415214896202087,0
65,[47],2,0.3349161148071289,0
65,[47],3,0.19495418667793274,1
65,[47],4,0.2931622862815857,1
65,[47],5,0.17271825671195984,0
65,[47],6,0.9653635025024414,0
65,[47],7,0.4826662838459015,0
65,[47],8,0.18433332443237305,1
65,[47],9,0.38990873098373413,0
65,[47],10,0.28776320815086365,0
65,[47],11,0.133510559797287,1
65,[47],12,0.1751806139945984,1
65,[47],13,0.6170739531517029,0
65,[47],14,0.26805633306503296,1
65,[47],15,0.1633371263742447,1
65,[47],16,0.5535233020782471,0
65,[47],17,0.6085054874420166,0
65,[47],18,0.6367543935775757,0
65,[47],19,0.24396753311157227,0
65,[47],20,0.5419134497642517,0
65,[47],21,1.4734104871749878,0
65,[47],22,0.4698171019554138,1
65,[47],23,0.9706777334213257,0
65,[47],24,0.3208145499229431,0
65,[47],25,0.24110260605812073,0
65,[47],26,0.6084547638893127,1
65,[47],27,0.08279957622289658,1
65,[47],28,0.4632885158061981,0
65,[47],29,0.1763605922460556,1
65,[47],30,0.2276930809020996,1
65,[47],31,0.2894219160079956,0
65,[47],32,0.31171655654907227,0
65,[47],33,0.33825719356536865,0
65,[47],34,0.2785852253437042,0
65,[47],35,0.5087754130363464,0
65,[47],36,0.27730631828308105,0
65,[47],37,0.2388290911912918,0
65,[47],38,0.3681541681289673,0
65,[47],39,0.45907920598983765,0
65,[47],40,0.15018871426582336,1
65,[47],41,0.22609637677669525,1
65,[47],42,0.20242543518543243,1
65,[47],43,0.19960808753967285,1
65,[47],44,0.37069419026374817,0
65,[47],45,0.28195908665657043,0
65,[47],46,0.5415729284286499,0
65,[47],48,0.04870184138417244,1
65,[47],49,0.11696890741586685,1
65,[47],50,0.38720592856407166,1
65,[47],51,0.345819890499115,0
65,[47],52,0.18418961763381958,1
65,[47],53,0.16356389224529266,1
65,[47],54,0.20356759428977966,0
65,[47],55,0.52782142162323,0
65,[47],56,0.5163838267326355,0
65,[47],57,0.13175393640995026,1
65,[47],58,0.10143318772315979,1
65,[47],59,0.7167876958847046,0
66,[0],1,0.12724576890468597,1
66,[0],2,0.08062157779932022,1
66,[0],3,0.10743916034698486,1
66,[0],4,0.18089111149311066,1
66,[0],5,0.10485817492008209,1
66,[0],6,0.35098719596862793,0
66,[0],7,0.3462105095386505,0
66,[0],8,0.07688721269369125,1
66,[0],9,0.2872960567474365,1
66,[0],10,0.2734489142894745,0
66,[0],11,0.1430787295103073,1
66,[0],12,0.163992241024971,1
66,[0],13,0.40303927659988403,0
66,[0],14,0.1780928671360016,1
66,[0],15,0.19159150123596191,1
66,[0],16,0.3969447910785675,0
66,[0],17,0.3600693643093109,1
66,[0],18,0.35927700996398926,1
66,[0],19,0.22587156295776367,1
66,[0],20,0.2781807780265808,0
66,[0],21,0.5967238545417786,0
66,[0],22,0.348632276058197,0
66,[0],23,0.8559808731079102,0
66,[0],24,0.15938428044319153,1
66,[0],25,0.1788288652896881,1
66,[0],26,0.34193363785743713,1
66,[0],27,0.08256224542856216,1
66,[0],28,0.39038026332855225,0
66,[0],29,0.17808140814304352,1
66,[0],30,0.2927258312702179,0
66,[0],31,0.29724249243736267,0
66,[0],32,0.300720751285553,0
66,[0],33,0.3051619529724121,0
66,[0],34,0.27618804574012756,0
66,[0],35,0.27497127652168274,0
66,[0],36,0.22766956686973572,0
66,[0],37,0.14083896577358246,1
66,[0],38,0.30159834027290344,0
66,[0],39,0.33944371342658997,0
66,[0],40,0.4098118543624878,0
66,[0],41,0.23839135468006134,0
66,[0],42,0.15534035861492157,1
66,[0],43,0.2089518904685974,1
66,[0],44,0.21854902803897858,1
66,[0],45,0.16938120126724243,1
66,[0],46,0.6572883725166321,0
66,[0],47,0.18710799515247345,0
66,[0],48,0.26218706369400024,0
66,[0],49,0.12441078573465347,1
66,[0],50,0.4422694742679596,0
66,[0],51,0.4917786419391632,0
66,[0],52,0.14150117337703705,1
66,[0],53,0.11075595766305923,1
66,[0],54,0.16812755167484283,1
66,[0],55,0.31994473934173584,0
66,[0],56,0.2080088108778,1
66,[0],57,0.18983468413352966,1
66,[0],58,0.1070529893040657,1
66,[0],59,0.5659142136573792,0
67,[44],0,0.20931950211524963,0
67,[44],1,0.28738078474998474,0
67,[44],2,0.16537991166114807,1
67,[44],3,0.1018105074763298,1
67,[44],4,0.14622262120246887,1
67,[44],5,0.09560797363519669,1
67,[44],6,0.5358841419219971,0
67,[44],7,0.2659202814102173,0
67,[44],8,0.12606839835643768,1
67,[44],9,0.4471157193183899,0
67,[44],10,0.27528879046440125,0
67,[44],11,0.1457163393497467,1
67,[44],12,0.1802910566329956,1
67,[44],13,0.22805805504322052,1
67,[44],14,0.2201344221830368,1
67,[44],15,0.14144930243492126,1
67,[44],16,0.27557918429374695,1
67,[44],17,0.2795097827911377,1
67,[44],18,0.3006443381309509,1
67,[44],19,0.1626693159341812,1
67,[44],20,0.2950271964073181,0
67,[44],21,0.3995981216430664,0
67,[44],22,0.30089253187179565,1
67,[44],23,0.6295620203018188,0
67,[44],24,0.15176492929458618,1
67,[44],25,0.14815860986709595,1
67,[44],26,0.2917962670326233,1
67,[44],27,0.11580238491296768,1
67,[44],28,0.3226265609264374,0
67,[44],29,0.12978339195251465,1
67,[44],30,0.2677915394306183,1
67,[44],31,0.3187682628631592,0
67,[44],32,0.2825270891189575,0
67,[44],33,0.324876070022583,0
67,[44],34,0.25887447595596313,0
67,[44],35,0.15305569767951965,0
67,[44],36,0.2303091585636139,0
67,[44],37,0.16061489284038544,1
67,[44],38,0.33478522300720215,0
67,[44],39,0.30275729298591614,0
67,[44],40,0.39935302734375,0
67,[44],41,0.2565043270587921,0
67,[44],42,0.17418766021728516,1
67,[44],43,0.18034087121486664,1
67,[44],45,0.17204055190086365,1
67,[44],46,0.426632285118103,0
67,[44],47,0.1898747831583023,0
67,[44],48,0.19638177752494812,1
67,[44],49,0.12254498898983002,1
67,[44],50,0.4078792333602905,0
67,[44],51,0.41092053055763245,0
67,[44],52,0.13102948665618896,1
67,[44],53,0.10706392675638199,1
67,[44],54,0.13098858296871185,1
67,[44],55,0.13882754743099213,1
67,[44],56,0.19898658990859985,1
67,[44],57,0.28215572237968445,1
67,[44],58,0.09113287925720215,1
67,[44],59,0.4425663948059082,0
68,[31],0,0.402496874332428,0
68,[31],1,0.5258786678314209,0
68,[31],2,0.3245657682418823,0
68,[31],3,0.16312828660011292,0
68,[31],4,0.26016926765441895,0
68,[31],5,0.14246538281440735,0
68,[31],6,0.6250520348548889,0
68,[31],7,0.38255444169044495,0
68,[31],8,0.18143106997013092,0
68,[31],9,0.3673955798149109,0
68,[31],10,0.09613214433193207,1
68,[31],11,0.11562083661556244,1
68,[31],12,0.15969312191009521,0
68,[31],13,0.6704150438308716,0
68,[31],14,0.18767186999320984,1
68,[31],15,0.17049847543239594,1
68,[31],16,0.3877033293247223,0
68,[31],17,0.37427738308906555,0
68,[31],18,0.4174732267856598,0
68,[31],19,0.335938036441803,0
68,[31],20,0.27952948212623596,1
68,[31],21,0.3837915360927582,0
68,[31],22,0.10478858649730682,1
68,[31],23,0.6025076508522034,0
68,[31],24,0.10468871891498566,1
68,[31],25,0.13145756721496582,1
68,[31],26,0.39417073130607605,0
68,[31],27,0.059145841747522354,1
68,[31],28,0.5038015842437744,0
68,[31],29,0.07888447493314743,1
68,[31],30,0.14288179576396942,1
68,[31],32,0.05108775198459625,1
68,[31],33,0.07947053015232086,1
68,[31],34,0.21140730381011963,1
68,[31],35,0.3629113733768463,0
68,[31],36,0.2393481731414795,1
68,[31],37,0.2429284155368805,1
68,[31],38,0.24400374293327332,0
68,[31],39,0.5098910331726074,0
68,[31],40,0.1949000358581543,1
68,[31],41,0.22265850007534027,1
68,[31],42,0.1921302080154419,1
68,[31],43,0.19499678909778595,1
68,[31],44,0.2923717498779297,0
68,[31],45,0.3067862391471863,0
68,[31],46,0.4209398329257965,0
68,[31],47,0.1847417950630188,1
68,[31],48,0.12505990266799927,1
68,[31],49,0.08028902858495712,1
68,[31],50,0.2995167672634125,1
68,[31],51,0.3202337622642517,1
68,[31],52,0.1745593398809433,1
68,[31],53,0.1351180374622345,1
68,[31],54,0.2190794199705124,0
68,[31],55,0.44253507256507874,0
68,[31],56,0.3014768064022064,0
68,[31],57,0.09503581374883652,1
68,[31],58,0.05655408650636673,1
68,[31],59,0.6464059948921204,0
69,[40],0,0.5012743473052979,0
69,[40],1,0.8554617762565613,0
69,[40],2,0.3401411473751068,0
69,[40],3,0.12978850305080414,1
69,[40],4,0.2389792650938034,0
69,[40],5,0.14573314785957336,1
69,[40],6,0.5974160432815552,0
69,[40],7,0.7731233835220337,0
69,[40],8,0.11625801026821136,1
69,[40],9,0.38101300597190857,0
69,[40],10,0.32260242104530334,0
69,[40],11,0.10179726034402847,1
69,[40],12,0.11306557804346085,1
69,[40],13,0.5912193059921265,0
69,[40],14,0.10015310347080231,1
69,[40],15,0.10828357934951782,1
69,[40],16,0.32396355271339417,0
69,[40],17,0.3142710030078888,0
69,[40],18,0.3285611569881439,0
69,[40],19,0.33311495184898376,0
69,[40],20,0.2621982991695404,0
69,[40],21,1.0159270763397217,0
69,[40],22,0.19892317056655884,1
69,[40],23,0.7803123593330383,0
69,[40],24,0.16146087646484375,1
69,[40],25,0.17045721411705017,0
69,[40],26,0.28814131021499634,1
69,[40],27,0.03556608408689499,1
69,[40],28,0.44193506240844727,0
69,[40],29,0.24476638436317444,1
69,[40],30,0.24377328157424927,1
69,[40],31,0.2803175747394562,0
69,[40],32,0.2551855444908142,0
69,[40],33,0.30460304021835327,0
69,[40],34,0.26266857981681824,0
69,[40],35,0.6199122071266174,0
69,[40],36,0.19347499310970306,0
69,[40],37,0.3005538582801819,0
69,[40],38,0.21272385120391846,0
69,[40],39,0.29954850673675537,0
69,[40],41,0.1741466224193573,1
69,[40],42,0.12292778491973877,1
69,[40],43,0.19996143877506256,0
69,[40],44,0.3584229648113251,0
69,[40],45,0.16735048592090607,0
69,[40],46,0.6103992462158203,0
69,[40],47,0.08919712901115417,1
69,[40],48,0.1964312642812729,0
69,[40],49,0.11000894010066986,1
69,[40],50,0.3199257552623749,0
69,[40],51,0.32195204496383667,0
69,[40],52,0.11245204508304596,1
69,[40],53,0.07582338899374008,1
69,[40],54,0.13248737156391144,1
69,[40],55,0.601702094078064,0
69,[40],56,0.28570887446403503,0
69,[40],57,0.1649608314037323,1
69,[40],58,0.08520381152629852,1
69,[40],59,0.5112272500991821,0
70,[50],0,0.25563353300094604,0
70,[50],1,0.5292936563491821,0
70,[50],2,0.31286242604255676,0
70,[50],3,0.14098916947841644,0
70,[50],4,0.25732776522636414,1
70,[50],5,0.14547879993915558,0
70,[50],6,0.2823692262172699,1
70,[50],7,0.45886707305908203,0
70,[50],8,0.16551266610622406,1
70,[50],9,0.3880946934223175,0
70,[50],10,0.2529171109199524,0
70,[50],11,0.15860870480537415,1
70,[50],12,0.16480588912963867,1
70,[50],13,0.5769137740135193,0
70,[50],14,0.17122623324394226,1
70,[50],15,0.29525861144065857,0
70,[50],16,0.4533354640007019,0
70,[50],17,0.4200589954853058,1
70,[50],18,0.3974510431289673,1
70,[50],19,0.3188580274581909,0
70,[50],20,0.2412685602903366,1
70,[50],21,0.4692121148109436,0
70,[50],22,0.3479548692703247,1
70,[50],23,0.7999368906021118,0
70,[50],24,0.17037801444530487,1
70,[50],25,0.1614571213722229,1
70,[50],26,0.22280879318714142,1
70,[50],27,0.05685412883758545,1
70,[50],28,0.5553837418556213,0
70,[50],29,0.12502606213092804,1
70,[50],30,0.35256996750831604,0
70,[50],31,0.30294865369796753,0
70,[50],32,0.3155633807182312,0
70,[50],33,0.3133030831813812,0
70,[50],34,0.31969961524009705,0
70,[50],35,0.1570957601070404,1
70,[50],36,0.44645461440086365,0
70,[50],37,0.12394515424966812,1
70,[50],38,0.4378340542316437,0
70,[50],39,0.6416313648223877,0
70,[50],40,0.1166885495185852,1
70,[50],41,0.2550677955150604,1
70,[50],42,0.18723087012767792,1
70,[50],43,0.18243692815303802,1
70,[50],44,0.23053431510925293,1
70,[50],45,0.282486230134964,0
70,[50],46,0.5873167514801025,0
70,[50],47,0.120274119079113,1
70,[50],48,0.22305242717266083,1
70,[50],49,0.07740689814090729,1
70,[50],51,0.04439437761902809,1
70,[50],52,0.16572196781635284,1
70,[50],53,0.1393432468175888,1
70,[50],54,0.23836426436901093,1
70,[50],55,0.516136109828949,0
70,[50],56,0.21762029826641083,0
70,[50],57,0.1657300442457199,1
70,[50],58,0.06752492487430573,1
70,[50],59,0.40147915482521057,0
71,[22],0,0.3173723816871643,0
71,[22],1,0.4996326267719269,0
71,[22],2,0.22845280170440674,0
71,[22],3,0.07132694125175476,1
71,[22],4,0.20134864747524261,0
71,[22],5,0.0972185954451561,1
71,[22],6,0.4410628378391266,0
71,[22],7,0.38787841796875,0
71,[22],8,0.09607323259115219,1
71,[22],9,0.18980571627616882,1
71,[22],10,0.20442526042461395,0
71,[22],11,0.2126760184764862,0
71,[22],12,0.1827014833688736,0
71,[22],13,0.5291052460670471,0
71,[22],14,0.12099170684814453,1
71,[22],15,0.09687881916761398,1
71,[22],16,0.13237285614013672,1
71,[22],17,0.10041475296020508,1
71,[22],18,0.10881894081830978,1
71,[22],19,0.31158769130706787,0
71,[22],20,0.14787615835666656,1
71,[22],21,0.5119368433952332,0
71,[22],23,0.7758550047874451,0
71,[22],24,0.0839342325925827,1
71,[22],25,0.06020113080739975,1
71,[22],26,0.18151363730430603,1
71,[22],27,0.043053098022937775,1
71,[22],28,0.3728119134902954,0
71,[22],29,0.07484238594770432,1
71,[22],30,0.1357267051935196,1
71,[22],31,0.10839680582284927,1
71,[22],32,0.1134009063243866,1
71,[22],33,0.11701309680938721,1
71,[22],34,0.18351204693317413,0
71,[22],35,0.29430559277534485,0
71,[22],36,0.3135386109352112,0
71,[22],37,0.22299988567829132,0
71,[22],38,0.2611563205718994,0
71,[22],39,0.402810662984848,0
71,[22],40,0.25888511538505554,1
71,[22],41,0.190993532538414,1
71,[22],42,0.15325844287872314,1
71,[22],43,0.13540303707122803,1
71,[22],44,0.09115605056285858,1
71,[22],45,0.3325650990009308,0
71,[22],46,0.4610425531864166,0
71,[22],47,0.09187331795692444,1
71,[22],48,0.16347889602184296,1
71,[22],49,0.07943712174892426,1
71,[22],50,0.2898675501346588,0
71,[22],51,0.25504592061042786,1
71,[22],52,0.126947820186615,1
71,[22],53,0.09859617054462433,1
71,[22],54,0.26342564821243286,1
71,[22],55,0.3055170774459839,0
71,[22],56,0.17028872668743134,1
71,[22],57,0.17569011449813843,1
71,[22],58,0.0512242317199707,1
71,[22],59,0.6413214206695557,0
72,[55],0,0.1563868373632431,1
72,[55],1,0.27758991718292236,0
72,[55],2,0.1537518948316574,1
72,[55],3,0.11668425053358078,1
72,[55],4,0.17925938963890076,0
72,[55],5,0.10645359009504318,0
72,[55],6,0.4245261549949646,0
72,[55],7,0.31815144419670105,0
72,[55],8,0.12217728048563004,1
72,[55],9,0.25288063287734985,0
72,[55],10,0.1775715947151184,0
72,[55],11,0.12090452760457993,1
72,[55],12,0.12732942402362823,1
72,[55],13,0.34412750601768494,0
72,[55],14,0.11483311653137207,1
72,[55],15,0.13619816303253174,1
72,[55],16,0.21882185339927673,1
72,[55],17,0.2114611268043518,1
72,[55],18,0.19446295499801636,1
72,[55],19,0.11675325781106949,1
72,[55],20,0.16502857208251953,1
72,[55],21,0.2938675284385681,0
72,[55],22,0.17740163207054138,1
72,[55],23,0.7283260226249695,0
72,[55],24,0.10894516855478287,1
72,[55],25,0.09045456349849701,1
72,[55],26,0.2099086046218872,1
72,[55],27,0.09735366702079773,1
72,[55],28,0.3810894191265106,0
72,[55],29,0.07477609813213348,1
72,[55],30,0.20720379054546356,1
72,[55],31,0.22870489954948425,0
72,[55],32,0.22447821497917175,0
72,[55],33,0.2278500646352768,0
72,[55],34,0.21670414507389069,0
72,[55],35,0.2087509036064148,0
72,[55],36,0.293485164642334,0
72,[55],37,0.15569421648979187,0
72,[55],38,0.35128915309906006,0
72,[55],39,0.3880137801170349,0
72,[55],40,0.2534826099872589,0
72,[55],41,0.1885858178138733,1
72,[55],42,0.13930584490299225,1
72,[55],43,0.1462751179933548,1
72,[55],44,0.18629056215286255,1
72,[55],45,0.19687949120998383,0
72,[55],46,0.43798840045928955,0
72,[55],47,0.17266711592674255,1
72,[55],48,0.1459421068429947,1
72,[55],49,0.11788981407880783,1
72,[55],50,0.35829710960388184,0
72,[55],51,0.3781936764717102,0
72,[55],52,0.13359960913658142,1
72,[55],53,0.110369972884655,1
72,[55],54,0.11091369390487671,1
72,[55],56,0.14667975902557373,1
72,[55],57,0.09980164468288422,1
72,[55],58,0.0596708282828331,1
72,[55],59,0.45322859287261963,0
73,[10],0,0.4124564230442047,0
73,[10],1,0.562204122543335,0
73,[10],2,0.23221455514431,0
73,[10],3,0.1574973464012146,1
73,[10],4,0.27218666672706604,0
73,[10],5,0.09718690067529678,1
73,[10],6,0.5728731751441956,0
73,[10],7,0.517031729221344,0
73,[10],8,0.09071392565965652,1
73,[10],9,0.23492732644081116,0
73,[10],11,0.09904750436544418,1
73,[10],12,0.14710307121276855,1
73,[10],13,0.48665475845336914,0
73,[10],14,0.14294923841953278,1
73,[10],15,0.10286710411310196,1
73,[10],16,0.2517302930355072,0
73,[10],17,0.2300846427679062,1
73,[10],18,0.24176257848739624,1
73,[10],19,0.1901266723871231,1
73,[10],20,0.18849828839302063,0
73,[10],21,0.6883378028869629,0
73,[10],22,0.1617685854434967,1
73,[10],23,0.5926545262336731,0
73,[10],24,0.12670859694480896,1
73,[10],25,0.1851641982793808,0
73,[10],26,0.27343103289604187,1
73,[10],27,0.06022530421614647,1
73,[10],28,0.331830233335495,0
73,[10],29,0.12262360751628876,1
73,[10],30,0.20476675033569336,1
73,[10],31,0.13684947788715363,1
73,[10],32,0.13518235087394714,1
73,[10],33,0.14700013399124146,1
73,[10],34,0.12233354151248932,1
73,[10],35,0.3854415714740753,0
73,[10],36,0.11090360581874847,1
73,[10],37,0.163218155503273,0
73,[10],38,0.14603368937969208,0
73,[10],39,0.5304954648017883,0
73,[10],40,0.18508955836296082,1
73,[10],41,0.18339820206165314,1
73,[10],42,0.13842390477657318,1
73,[10],43,0.22788675129413605,0
73,[10],44,0.25348734855651855,1
73,[10],45,0.17517606914043427,0
73,[10],46,0.2738220691680908,0
73,[10],47,0.08666680008172989,1
73,[10],48,0.07774737477302551,1
73,[10],49,0.08730531483888626,1
73,[10],50,0.29924818873405457,0
73,[10],51,0.31157568097114563,0
73,[10],52,0.11162673681974411,1
73,[10],53,0.09104602038860321,1
73,[10],54,0.1457287222146988,1
73,[10],55,0.5049088001251221,0
73,[10],56,0.2977989614009857,0
73,[10],57,0.12482728064060211,1
73,[10],58,0.060284022241830826,1
73,[10],59,0.6327233910560608,0
74,[19],0,0.1487158089876175,0
74,[19],1,0.19852718710899353,1
74,[19],2,0.1630985140800476,0
74,[19],3,0.08011384308338165,1
74,[19],4,0.15092293918132782,1
74,[19],5,0.06737912446260452,1
74,[19],6,0.7212809324264526,0
74,[19],7,0.20061610639095306,0
74,[19],8,0.11702632904052734,1
74,[19],9,0.29414597153663635,0
74,[19],10,0.335895836353302,0
74,[19],11,0.14488032460212708,1
74,[19],12,0.13665913045406342,1
74,[19],13,0.182096466422081,1
74,[19],14,0.15205118060112,1
74,[19],15,0.08836258202791214,1
74,[19],16,0.18505796790122986,0
74,[19],17,0.18554596602916718,1
74,[19],18,0.19469748437404633,1
74,[19],20,0.21819427609443665,1
74,[19],21,0.4814247190952301,0
74,[19],22,0.22824633121490479,0
74,[19],23,0.9939054250717163,0
74,[19],24,0.12851016223430634,1
74,[19],25,0.12166787683963776,1
74,[19],26,0.2681605815887451,0
74,[19],27,0.11856457591056824,1
74,[19],28,0.282370388507843,0
74,[19],29,0.12635129690170288,1
74,[19],30,0.19404886662960052,0
74,[19],31,0.22503598034381866,0
74,[19],32,0.22259820997714996,0
74,[19],33,0.21957427263259888,0
74,[19],34,0.21382606029510498,0
74,[19],35,0.15431427955627441,0
74,[19],36,0.1846919059753418,0
74,[19],37,0.16474343836307526,1
74,[19],38,0.35753393173217773,0
74,[19],39,0.3265853524208069,0
74,[19],40,0.34768012166023254,0
74,[19],41,0.24380993843078613,0
74,[19],42,0.18598054349422455,1
74,[19],43,0.19246183335781097,1
74,[19],44,0.16083842515945435,1
74,[19],45,0.12925182282924652,1
74,[19],46,0.48758843541145325,0
74,[19],47,0.13922862708568573,1
74,[19],48,0.1621890813112259,0
74,[19],49,0.1796647310256958,0
74,[19],50,0.4516163170337677,0
74,[19],51,0.49637851119041443,0
74,[19],52,0.14111654460430145,0
74,[19],53,0.10928243398666382,1
74,[19],54,0.10358681529760361,1
74,[19],55,0.10847892612218857,1
74,[19],56,0.20634372532367706,0
74,[19],57,0.19900083541870117,1
74,[19],58,0.07968829572200775,1
74,[19],59,0.4598907232284546,0
75,[36],0,0.3139174282550812,1
75,[36],1,0.3742104172706604,0
75,[36],2,0.2306240350008011,1
75,[36],3,0.19729600846767426,1
75,[36],4,0.21804918348789215,1
75,[36],5,0.13422121107578278,1
75,[36],6,0.5853952169418335,0
75,[36],7,0.3580198585987091,1
75,[36],8,0.15420134365558624,1
75,[36],9,0.41806983947753906,0
75,[36],10,0.19149456918239594,1
75,[36],11,0.12605269253253937,1
75,[36],12,0.1434447169303894,1
75,[36],13,0.4841841757297516,0
75,[36],14,0.1808701604604721,1
75,[36],15,0.25945430994033813,1
75,[36],16,0.5100192427635193,0
75,[36],17,0.46663692593574524,1
75,[36],18,0.4885028600692749,1
75,[36],19,0.18535064160823822,1
75,[36],20,0.4931280016899109,0
75,[36],21,0.38383886218070984,1
75,[36],22,0.3942326307296753,1
75,[36],23,0.8173044323921204,0
75,[36],24,0.1938985139131546,1
75,[36],25,0.1820509284734726,1
75,[36],26,0.438162237405777,0
75,[36],27,0.11156481504440308,1
75,[36],28,0.4336881935596466,0
75,[36],29,0.17591972649097443,1
75,[36],30,0.35190972685813904,1
75,[36],31,0.33023709058761597,0
75,[36],32,0.3185846209526062,0
75,[36],33,0.317547082901001,0
75,[36],34,0.30642008781433105,0
75,[36],35,0.3804035484790802,0
75,[36],37,0.2345818728208542,0
75,[36],38,0.10087227076292038,1
75,[36],39,0.434701144695282,0
75,[36],40,0.2828528881072998,1
75,[36],41,0.15792728960514069,1
75,[36],42,0.14517399668693542,1
75,[36],43,0.23408496379852295,1
75,[36],44,0.2579423785209656,1
75,[36],45,0.2000623345375061,1
75,[36],46,0.46033337712287903,0
75,[36],47,0.2778562307357788,0
75,[36],48,0.1828744113445282,1
75,[36],49,0.13265502452850342,1
75,[36],50,0.4046691954135895,0
75,[36],51,0.41821742057800293,0
75,[36],52,0.19582104682922363,1
75,[36],53,0.1624966263771057,1
75,[36],54,0.2110499143600464,1
75,[36],55,0.2755456864833832,0
75,[36],56,0.2537952959537506,1
75,[36],57,0.23624716699123383,1
75,[36],58,0.07344242185354233,1
75,[36],59,0.781290590763092,0
76,[5],0,0.2799654006958008,0
76,[5],1,0.18576033413410187,0
76,[5],2,0.09488850086927414,1
76,[5],3,0.09114908427000046,1
76,[5],4,0.19827981293201447,1
76,[5],6,0.427901953458786,0
76,[5],7,0.19817835092544556,1
76,[5],8,0.06449113041162491,1
76,[5],9,0.2383764237165451,0
76,[5],10,0.2940669059753418,0
76,[5],11,0.10285113751888275,1
76,[5],12,0.12908263504505157,1
76,[5],13,0.21192629635334015,1
76,[5],14,0.1776743233203888,1
76,[5],15,0.12995365262031555,1
76,[5],16,0.19283223152160645,1
76,[5],17,0.19561271369457245,1
76,[5],18,0.1884576380252838,1
76,[5],19,0.10629862546920776,1
76,[5],20,0.23600980639457703,0
76,[5],21,0.37787023186683655,0
76,[5],22,0.3076951801776886,0
76,[5],23,0.7320541143417358,0
76,[5],24,0.11098586022853851,1
76,[5],25,0.11222171783447266,1
76,[5],26,0.2638722360134125,1
76,[5],27,0.11078646779060364,1
76,[5],28,0.3320651650428772,0
76,[5],29,0.09135694056749344,1
76,[5],30,0.23632948100566864,0
76,[5],31,0.2986603081226349,0
76,[5],32,0.29994872212409973,0
76,[5],33,0.3149794340133667,0
76,[5],34,0.14433492720127106,0
76,[5],35,0.17852051556110382,0
76,[5],36,0.13820675015449524,1
76,[5],37,0.16712619364261627,0
76,[5],38,0.42203155159950256,0
76,[5],39,0.32524240016937256,0
76,[5],40,0.2609238624572754,0
76,[5],41,0.19985431432724,0
76,[5],42,0.13980485498905182,1
76,[5],43,0.23279698193073273,1
76,[5],44,0.13111229240894318,1
76,[5],45,0.1449022889137268,1
76,[5],46,0.43525969982147217,0
76,[5],47,0.19129876792430878,0
76,[5],48,0.16934576630592346,0
76,[5],49,0.09354695677757263,1
76,[5],50,0.3717350661754608,0
76,[5],51,0.43124303221702576,0
76,[5],52,0.12438075244426727,1
76,[5],53,0.09308964014053345,1
76,[5],54,0.07666072994470596,1
76,[5],55,0.11699696630239487,1
76,[5],56,0.2765594720840454,0
76,[5],57,0.22675228118896484,1
76,[5],58,0.06860032677650452,1
76,[5],59,0.3882518708705902,0
77,[56],0,0.14319026470184326,0
77,[56],1,0.15849746763706207,1
77,[56],2,0.10730790346860886,1
77,[56],3,0.04924826696515083,1
77,[56],4,0.059354692697525024,1
77,[56],5,0.06359860301017761,1
77,[56],6,0.34804195165634155,0
77,[56],7,0.163796529173851,1
77,[56],8,0.04848499223589897,1
77,[56],9,0.2364867478609085,0
77,[56],10,0.2477300465106964,0
77,[56],11,0.13563546538352966,0
77,[56],12,0.16082872450351715,1
77,[56],13,0.20533660054206848,1
77,[56],14,0.11217661201953888,1
77,[56],15,0.06817791610956192,1
77,[56],16,0.18796482682228088,1
77,[56],17,0.15660320222377777,1
77,[56],18,0.17175079882144928,1
77,[56],19,0.10069634765386581,1
77,[56],20,0.13936839997768402,1
77,[56],21,0.24063554406166077,0
77,[56],22,0.25315964221954346,0
77,[56],23,0.8653494119644165,0
77,[56],24,0.06010255962610245,1
77,[56],25,0.0741080492734909,1
77,[56],26,0.20380420982837677,0
77,[56],27,0.0669577345252037,1
77,[56],28,0.2504768669605255,0
77,[56],29,0.09327731281518936,1
77,[56],30,0.18492452800273895,0
77,[56],31,0.19084107875823975,0
77,[56],32,0.23480039834976196,0
77,[56],33,0.20261186361312866,0
77,[56],34,0.16867733001708984,0
77,[56],35,0.12647226452827454,1
77,[56],36,0.1394495964050293,1
77,[56],37,0.13526511192321777,1
77,[56],38,0.41392257809638977,0
77,[56],39,0.2412114441394806,0
77,[56],40,0.31583964824676514,0
77,[56],41,0.19656842947006226,0
77,[56],42,0.1081153154373169,1
77,[56],43,0.1631344109773636,1
77,[56],44,0.15422461926937103,0
77,[56],45,0.08115534484386444,1
77,[56],46,0.35982248187065125,0
77,[56],47,0.10047969967126846,1
77,[56],48,0.12082331627607346,1
77,[56],49,0.1156729906797409,1
77,[56],50,0.38960719108581543,0
77,[56],51,0.42628878355026245,0
77,[56],52,0.102547787129879,1
77,[56],53,0.07762180268764496,1
77,[56],54,0.0759519636631012,1
77,[56],55,0.0569135956466198,1
77,[56],57,0.09246805310249329,1
77,[56],58,0.03348406031727791,1
77,[56],59,0.24357210099697113,0
78,[31],0,0.402496874332428,0
78,[31],1,0.5258786678314209,0
78,[31],2,0.3245657682418823,0
78,[31],3,0.16312828660011292,0
78,[31],4,0.26016926765441895,0
78,[31],5,0.14246538281440735,0
78,[31],6,0.6250520348548889,0
78,[31],7,0.38255444169044495,0
78,[31],8,0.18143106997013092,0
78,[31],9,0.3673955798149109,0
78,[31],10,0.09613214433193207,1
78,[31],11,0.11562083661556244,1
78,[31],12,0.15969312191009521,0
78,[31],13,0.6704150438308716,0
78,[31],14,0.18767186999320984,1
78,[31],15,0.17049847543239594,1
78,[31],16,0.3877033293247223,0
78,[31],17,0.37427738308906555,0
78,[31],18,0.4174732267856598,0
78,[31],19,0.335938036441803,0
78,[31],20,0.27952948212623596,1
78,[31],21,0.3837915360927582,0
78,[31],22,0.10478858649730682,1
78,[31],23,0.6025076508522034,0
78,[31],24,0.10468871891498566,1
78,[31],25,0.13145756721496582,1
78,[31],26,0.39417073130607605,0
78,[31],27,0.059145841747522354,1
78,[31],28,0.5038015842437744,0
78,[31],29,0.07888447493314743,1
78,[31],30,0.14288179576396942,1
78,[31],32,0.05108775198459625,1
78,[31],33,0.07947053015232086,1
78,[31],34,0.21140730381011963,1
78,[31],35,0.3629113733768463,0
78,[31],36,0.2393481731414795,1
78,[31],37,0.2429284155368805,1
78,[31],38,0.24400374293327332,0
78,[31],39,0.5098910331726074,0
78,[31],40,0.1949000358581543,1
78,[31],41,0.22265850007534027,1
78,[31],42,0.1921302080154419,1
78,[31],43,0.19499678909778595,1
78,[31],44,0.2923717498779297,0
78,[31],45,0.3067862391471863,0
78,[31],46,0.4209398329257965,0
78,[31],47,0.1847417950630188,1
78,[31],48,0.12505990266799927,1
78,[31],49,0.08028902858495712,1
78,[31],50,0.2995167672634125,1
78,[31],51,0.3202337622642517,1
78,[31],52,0.1745593398809433,1
78,[31],53,0.1351180374622345,1
78,[31],54,0.2190794199705124,0
78,[31],55,0.44253507256507874,0
78,[31],56,0.3014768064022064,0
78,[31],57,0.09503581374883652,1
78,[31],58,0.05655408650636673,1
78,[31],59,0.6464059948921204,0
79,[45],0,0.21264846622943878,0
79,[45],1,0.19228971004486084,1
79,[45],2,0.1386769711971283,1
79,[45],3,0.1409413367509842,1
79,[45],4,0.18095074594020844,1
79,[45],5,0.07698582112789154,1
79,[45],6,0.5524423718452454,0
79,[45],7,0.3121662437915802,0
79,[45],8,0.07656029611825943,1
79,[45],9,0.3698352575302124,0
79,[45],10,0.26879480481147766,0
79,[45],11,0.09227006882429123,1
79,[45],12,0.17560024559497833,1
79,[45],13,0.4932454228401184,0
79,[45],14,0.243189737200737,1
79,[45],15,0.13188038766384125,1
79,[45],16,0.3551173806190491,0
79,[45],17,0.35841861367225647,1
79,[45],18,0.36217978596687317,1
79,[45],19,0.13098138570785522,1
79,[45],20,0.24502049386501312,0
79,[45],21,0.43651047348976135,0
79,[45],22,0.2882707715034485,0
79,[45],23,1.0793309211730957,0
79,[45],24,0.14214059710502625,1
79,[45],25,0.154316246509552,1
79,[45],26,0.31816285848617554,0
79,[45],27,0.08931120485067368,1
79,[45],28,0.3526277542114258,0
79,[45],29,0.1723555326461792,1
79,[45],30,0.2578112483024597,0
79,[45],31,0.2935868799686432,0
79,[45],32,0.3288481831550598,0
79,[45],33,0.3093528151512146,0
79,[45],34,0.2931206226348877,0
79,[45],35,0.17021477222442627,0
79,[45],36,0.20954015851020813,0
79,[45],37,0.17372335493564606,1
79,[45],38,0.2656244933605194,0
79,[45],39,0.4522845447063446,0
79,[45],40,0.4269181191921234,0
79,[45],41,0.13697129487991333,1
79,[45],42,0.12118658423423767,1
79,[45],43,0.1259833127260208,1
79,[45],44,0.26061928272247314,0
79,[45],46,0.4817725419998169,0
79,[45],47,0.1495724320411682,1
79,[45],48,0.22087222337722778,0
79,[45],49,0.19482538104057312,1
79,[45],50,0.388484388589859,0
79,[45],51,0.42745351791381836,0
79,[45],52,0.16457892954349518,1
79,[45],53,0.13552123308181763,1
79,[45],54,0.14298048615455627,1
79,[45],55,0.13628076016902924,1
79,[45],56,0.16511939465999603,1
79,[45],57,0.280805379152298,1
79,[45],58,0.0846962034702301,1
79,[45],59,0.7106931209564209,0
80,[47],0,0.2847587466239929,0
80,[47],1,0.5415214896202087,0
80,[47],2,0.3349161148071289,0
80,[47],3,0.19495418667793274,1
80,[47],4,0.2931622862815857,1
80,[47],5,0.17271825671195984,0
80,[47],6,0.9653635025024414,0
80,[47],7,0.4826662838459015,0
80,[47],8,0.18433332443237305,1
80,[47],9,0.38990873098373413,0
80,[47],10,0.28776320815086365,0
80,[47],11,0.133510559797287,1
80,[47],12,0.1751806139945984,1
80,[47],13,0.6170739531517029,0
80,[47],14,0.26805633306503296,1
80,[47],15,0.1633371263742447,1
80,[47],16,0.5535233020782471,0
80,[47],17,0.6085054874420166,0
80,[47],18,0.6367543935775757,0
80,[47],19,0.24396753311157227,0
80,[47],20,0.5419134497642517,0
80,[47],21,1.4734104871749878,0
80,[47],22,0.4698171019554138,1
80,[47],23,0.9706777334213257,0
80,[47],24,0.3208145499229431,0
80,[47],25,0.24110260605812073,0
80,[47],26,0.6084547638893127,1
80,[47],27,0.08279957622289658,1
80,[47],28,0.4632885158061981,0
80,[47],29,0.1763605922460556,1
80,[47],30,0.2276930809020996,1
80,[47],31,0.2894219160079956,0
80,[47],32,0.31171655654907227,0
80,[47],33,0.33825719356536865,0
80,[47],34,0.2785852253437042,0
80,[47],35,0.5087754130363464,0
80,[47],36,0.27730631828308105,0
80,[47],37,0.2388290911912918,0
80,[47],38,0.3681541681289673,0
80,[47],39,0.45907920598983765,0
80,[47],40,0.15018871426582336,1
80,[47],41,0.22609637677669525,1
80,[47],42,0.20242543518543243,1
80,[47],43,0.19960808753967285,1
80,[47],44,0.37069419026374817,0
80,[47],45,0.28195908665657043,0
80,[47],46,0.5415729284286499,0
80,[47],48,0.04870184138417244,1
80,[47],49,0.11696890741586685,1
80,[47],50,0.38720592856407166,1
80,[47],51,0.345819890499115,0
80,[47],52,0.18418961763381958,1
80,[47],53,0.16356389224529266,1
80,[47],54,0.20356759428977966,0
80,[47],55,0.52782142162323,0
80,[47],56,0.5163838267326355,0
80,[47],57,0.13175393640995026,1
80,[47],58,0.10143318772315979,1
80,[47],59,0.7167876958847046,0
81,[48],0,0.29824256896972656,0
81,[48],1,0.5492093563079834,0
81,[48],2,0.34419819712638855,0
81,[48],3,0.11231525987386703,0
81,[48],4,0.20738229155540466,1
81,[48],5,0.13577501475811005,0
81,[48],6,0.22865964472293854,1
81,[48],7,0.43576890230178833,0
81,[48],8,0.1685398519039154,1
81,[48],9,0.48422735929489136,0
81,[48],10,0.18777106702327728,1
81,[48],11,0.10735851526260376,1
81,[48],12,0.12030293047428131,1
81,[48],13,0.47825855016708374,0
81,[48],14,0.12924039363861084,1
81,[48],15,0.23687948286533356,0
81,[48],16,0.5022395849227905,0
81,[48],17,0.43627873063087463,1
81,[48],18,0.4422799050807953,1
81,[48],19,0.24707071483135223,0
81,[48],20,0.22059620916843414,1
81,[48],21,0.2844047248363495,1
81,[48],22,0.2006540298461914,1
81,[48],23,0.4843745529651642,0
81,[48],24,0.17096443474292755,1
81,[48],25,0.1758810579776764,1
81,[48],26,0.24648639559745789,1
81,[48],27,0.04327451065182686,1
81,[48],28,0.4915352761745453,0
81,[48],29,0.06552370637655258,1
81,[48],30,0.29574277997016907,1
81,[48],31,0.2386275976896286,0
81,[48],32,0.25018203258514404,1
81,[48],33,0.25289779901504517,0
81,[48],34,0.26906904578208923,1
81,[48],35,0.04813973978161812,1
81,[48],36,0.33092424273490906,0
81,[48],37,0.09938570111989975,1
81,[48],38,0.3465307354927063,0
81,[48],39,0.6717694401741028,0
81,[48],40,0.0570310540497303,1
81,[48],41,0.22609558701515198,1
81,[48],42,0.16286318004131317,1
81,[48],43,0.16208243370056152,1
81,[48],44,0.25356197357177734,1
81,[48],45,0.2530210614204407,0
81,[48],46,0.434088796377182,0
81,[48],47,0.12100958824157715,1
81,[48],49,0.07477018237113953,1
81,[48],50,0.20876182615756989,1
81,[48],51,0.1877855807542801,1
81,[48],52,0.14849206805229187,1
81,[48],53,0.12115365266799927,1
81,[48],54,0.21541883051395416,1
81,[48],55,0.44151026010513306,0
81,[48],56,0.16574259102344513,1
81,[48],57,0.11202580481767654,1
81,[48],58,0.06165579706430435,1
81,[48],59,0.4975675344467163,0
82,[19],0,0.1487158089876175,0
82,[19],1,0.19852718710899353,1
82,[19],2,0.1630985140800476,0
82,[19],3,0.08011384308338165,1
82,[19],4,0.15092293918132782,1
82,[19],5,0.06737912446260452,1
82,[19],6,0.7212809324264526,0
82,[19],7,0.20061610639095306,0
82,[19],8,0.11702632904052734,1
82,[19],9,0.29414597153663635,0
82,[19],10,0.335895836353302,0
82,[19],11,0.14488032460212708,1
82,[19],12,0.13665913045406342,1
82,[19],13,0.182096466422081,1
82,[19],14,0.15205118060112,1
82,[19],15,0.08836258202791214,1
82,[19],16,0.18505796790122986,0
82,[19],17,0.18554596602916718,1
82,[19],18,0.19469748437404633,1
82,[19],20,0.21819427609443665,1
82,[19],21,0.4814247190952301,0
82,[19],22,0.22824633121490479,0
82,[19],23,0.9939054250717163,0
82,[19],24,0.12851016223430634,1
82,[19],25,0.12166787683963776,1
82,[19],26,0.2681605815887451,0
82,[19],27,0.11856457591056824,1
82,[19],28,0.282370388507843,0
82,[19],29,0.12635129690170288,1
82,[19],30,0.19404886662960052,0
82,[19],31,0.22503598034381866,0
82,[19],32,0.22259820997714996,0
82,[19],33,0.21957427263259888,0
82,[19],34,0.21382606029510498,0
82,[19],35,0.15431427955627441,0
82,[19],36,0.1846919059753418,0
82,[19],37,0.16474343836307526,1
82,[19],38,0.35753393173217773,0
82,[19],39,0.3265853524208069,0
82,[19],40,0.34768012166023254,0
82,[19],41,0.24380993843078613,0
82,[19],42,0.18598054349422455,1
82,[19],43,0.19246183335781097,1
82,[19],44,0.16083842515945435,1
82,[19],45,0.12925182282924652,1
82,[19],46,0.48758843541145325,0
82,[19],47,0.13922862708568573,1
82,[19],48,0.1621890813112259,0
82,[19],49,0.1796647310256958,0
82,[19],50,0.4516163170337677,0
82,[19],51,0.49637851119041443,0
82,[19],52,0.14111654460430145,0
82,[19],53,0.10928243398666382,1
82,[19],54,0.10358681529760361,1
82,[19],55,0.10847892612218857,1
82,[19],56,0.20634372532367706,0
82,[19],57,0.19900083541870117,1
82,[19],58,0.07968829572200775,1
82,[19],59,0.4598907232284546,0
83,[17],0,0.22803835570812225,0
83,[17],1,0.31238681077957153,0
83,[17],2,0.15737421810626984,1
83,[17],3,0.0743824914097786,1
83,[17],4,0.15333765745162964,1
83,[17],5,0.043994173407554626,1
83,[17],6,0.46631836891174316,0
83,[17],7,0.2732987701892853,0
83,[17],8,0.06827256083488464,1
83,[17],9,0.2694842219352722,1
83,[17],10,0.17840951681137085,0
83,[17],11,0.11763814836740494,1
83,[17],12,0.11539734154939651,1
83,[17],13,0.2777668535709381,0
83,[17],14,0.1341126561164856,1
83,[17],15,0.11186961084604263,1
83,[17],16,0.0785057470202446,1
83,[17],18,0.025993965566158295,1
83,[17],19,0.15035392343997955,1
83,[17],20,0.35703420639038086,0
83,[17],21,0.3961593210697174,0
83,[17],22,0.23397989571094513,1
83,[17],23,0.6877893209457397,0
83,[17],24,0.12007014453411102,1
83,[17],25,0.11215323209762573,1
83,[17],26,0.3434639573097229,0
83,[17],27,0.1826775223016739,0
83,[17],28,0.35746097564697266,0
83,[17],29,0.0703137218952179,1
83,[17],30,0.2349981814622879,1
83,[17],31,0.2520584762096405,0
83,[17],32,0.24695247411727905,0
83,[17],33,0.26168298721313477,0
83,[17],34,0.21115098893642426,1
83,[17],35,0.23394712805747986,0
83,[17],36,0.21750521659851074,0
83,[17],37,0.18645745515823364,1
83,[17],38,0.3082571029663086,0
83,[17],39,0.36619865894317627,0
83,[17],40,0.2784280478954315,0
83,[17],41,0.2075338512659073,1
83,[17],42,0.15134046971797943,1
83,[17],43,0.19003266096115112,1
83,[17],44,0.15108329057693481,1
83,[17],45,0.16344855725765228,1
83,[17],46,0.5181121230125427,0
83,[17],47,0.16105836629867554,1
83,[17],48,0.1927461475133896,0
83,[17],49,0.1114489883184433,1
83,[17],50,0.33083125948905945,0
83,[17],51,0.32797831296920776,1
83,[17],52,0.18188820779323578,1
83,[17],53,0.1453215330839157,1
83,[17],54,0.11902938783168793,1
83,[17],55,0.15493084490299225,1
83,[17],56,0.1623794287443161,1
83,[17],57,0.14655570685863495,1
83,[17],58,0.04751649871468544,1
83,[17],59,0.5446509718894958,0
84,[1],0,0.10156258195638657,1
84,[1],2,0.0843842625617981,1
84,[1],3,0.12667083740234375,1
84,[1],4,0.1691303700208664,1
84,[1],5,0.12059234082698822,1
84,[1],6,0.41079187393188477,0
84,[1],7,0.3257278501987457,0
84,[1],8,0.10052601248025894,1
84,[1],9,0.3757537305355072,0
84,[1],10,0.2984583079814911,0
84,[1],11,0.1664356142282486,1
84,[1],12,0.1878313571214676,1
84,[1],13,0.3754982054233551,1
84,[1],14,0.2045399248600006,1
84,[1],15,0.2089398056268692,1
84,[1],16,0.45969727635383606,0
84,[1],17,0.4432993233203888,1
84,[1],18,0.43960249423980713,1
84,[1],19,0.21727271378040314,1
84,[1],20,0.3437666594982147,0
84,[1],21,0.6988044381141663,0
84,[1],22,0.4553859233856201,0
84,[1],23,0.9501982927322388,0
84,[1],24,0.18056081235408783,1
84,[1],25,0.1864754855632782,1
84,[1],26,0.409532368183136,0
84,[1],27,0.13347949087619781,1
84,[1],28,0.43350741267204285,0
84,[1],29,0.21379904448986053,1
84,[1],30,0.327796071767807,0
84,[1],31,0.3712431490421295,0
84,[1],32,0.3707059621810913,0
84,[1],33,0.3874756991863251,0
84,[1],34,0.3520035743713379,0
84,[1],35,0.2652609050273895,0
84,[1],36,0.24925561249256134,0
84,[1],37,0.2142455130815506,1
84,[1],38,0.27500346302986145,0
84,[1],39,0.3163670301437378,0
84,[1],40,0.4085715413093567,0
84,[1],41,0.2663358151912689,1
84,[1],42,0.21280093491077423,1
84,[1],43,0.19125200808048248,1
84,[1],44,0.2275107502937317,1
84,[1],45,0.19901934266090393,1
84,[1],46,0.7690566182136536,0
84,[1],47,0.22532309591770172,0
84,[1],48,0.2908746302127838,0
84,[1],49,0.16122481226921082,1
84,[1],50,0.556668221950531,0
84,[1],51,0.5943182706832886,0
84,[1],52,0.16420041024684906,1
84,[1],53,0.13052256405353546,1
84,[1],54,0.18721628189086914,1
84,[1],55,0.25612765550613403,0
84,[1],56,0.26743999123573303,1
84,[1],57,0.268960565328598,1
84,[1],58,0.14848846197128296,1
84,[1],59,0.7289904952049255,0
85,[39],0,0.2705056667327881,0
85,[39],1,0.2934028208255768,0
85,[39],2,0.24384115636348724,1
85,[39],3,0.13411101698875427,1
85,[39],4,0.22333501279354095,1
85,[39],5,0.10771369934082031,1
85,[39],6,0.6547280550003052,0
85,[39],7,0.49844932556152344,0
85,[39],8,0.16745169460773468,1
85,[39],9,0.3345695436000824,0
85,[39],10,0.40280279517173767,0
85,[39],11,0.17685720324516296,1
85,[39],12,0.16730819642543793,1
85,[39],13,0.5395890474319458,0
85,[39],14,0.3328917324542999,1
85,[39],15,0.166185662150383,1
85,[39],16,0.40409767627716064,0
85,[39],17,0.34979620575904846,1
85,[39],18,0.3813268840312958,1
85,[39],19,0.23270243406295776,1
85,[39],20,0.40482741594314575,0
85,[39],21,0.8304258584976196,0
85,[39],22,0.39002054929733276,1
85,[39],23,1.1436923742294312,0
85,[39],24,0.20943398773670197,1
85,[39],25,0.18470188975334167,1
85,[39],26,0.37759652733802795,1
85,[39],27,0.14331920444965363,1
85,[39],28,0.5461599230766296,0
85,[39],29,0.26234981417655945,1
85,[39],30,0.3105080723762512,1
85,[39],31,0.443548321723938,0
85,[39],32,0.4117964804172516,0
85,[39],33,0.4489545226097107,0
85,[39],34,0.2926430106163025,0
85,[39],35,0.37109214067459106,0
85,[39],36,0.2973816990852356,0
85,[39],37,0.19042685627937317,1
85,[39],38,0.3847750425338745,0
85,[39],40,0.431673526763916,0
85,[39],41,0.25902730226516724,0
85,[39],42,0.22117185592651367,1
85,[39],43,0.2198966145515442,1
85,[39],44,0.21336184442043304,1
85,[39],45,0.21803855895996094,1
85,[39],46,0.5545110106468201,0
85,[39],47,0.22641979157924652,0
85,[39],48,0.266563355922699,0
85,[39],49,0.16648079454898834,1
85,[39],50,0.4317607879638672,0
85,[39],51,0.4358467161655426,0
85,[39],52,0.17680010199546814,1
85,[39],53,0.1358575075864792,1
85,[39],54,0.20104962587356567,1
85,[39],55,0.36032992601394653,0
85,[39],56,0.37897899746894836,0
85,[39],57,0.35409975051879883,1
85,[39],58,0.10738825052976608,1
85,[39],59,0.6859602928161621,0
86,[24],0,0.20560185611248016,0
86,[24],1,0.30011409521102905,0
86,[24],2,0.11969713121652603,1
86,[24],3,0.07888443768024445,1
86,[24],4,0.08854736387729645,1
86,[24],5,0.05178593099117279,1
86,[24],6,0.30259034037590027,0
86,[24],7,0.3025110960006714,0
86,[24],8,0.044909507036209106,1
86,[24],9,0.2655760645866394,0
86,[24],10,0.19503076374530792,0
86,[24],11,0.06350556761026382,1
86,[24],12,0.09145477414131165,1
86,[24],13,0.25302305817604065,1
86,[24],14,0.1346741020679474,1
86,[24],15,0.09271702170372009,1
86,[24],16,0.09755801409482956,1
86,[24],17,0.10620730370283127,1
86,[24],18,0.09941866248846054,1
86,[24],19,0.14738541841506958,1
86,[24],20,0.20980821549892426,0
86,[24],21,0.2514974772930145,0
86,[24],22,0.1015496626496315,1
86,[24],23,0.5536649227142334,0
86,[24],25,0.019019443541765213,1
86,[24],26,0.23857927322387695,1
86,[24],27,0.07196012884378433,1
86,[24],28,0.3031451404094696,0
86,[24],29,0.07268063724040985,1
86,[24],30,0.15065427124500275,1
86,[24],31,0.190261110663414,0
86,[24],32,0.16834689676761627,0
86,[24],33,0.19259017705917358,0
86,[24],34,0.13347682356834412,1
86,[24],35,0.3102262020111084,0
86,[24],36,0.17944039404392242,0
86,[24],37,0.1561204493045807,1
86,[24],38,0.30062833428382874,0
86,[24],39,0.293598473072052,0
86,[24],40,0.2966896891593933,0
86,[24],41,0.20547331869602203,0
86,[24],42,0.14142268896102905,1
86,[24],43,0.14404596388339996,1
86,[24],44,0.15090367197990417,0
86,[24],45,0.10368640720844269,1
86,[24],46,0.3241468071937561,0
86,[24],47,0.2116512805223465,0
86,[24],48,0.10098220407962799,1
86,[24],49,0.10916803777217865,1
86,[24],50,0.3667515218257904,0
86,[24],51,0.3913581669330597,0
86,[24],52,0.15904274582862854,1
86,[24],53,0.133239284157753,1
86,[24],54,0.07400918006896973,1
86,[24],55,0.09529920667409897,1
86,[24],56,0.14080557227134705,1
86,[24],57,0.12198162078857422,1
86,[24],58,0.028021179139614105,1
86,[24],59,0.44327932596206665,0
87,[39],0,0.2705056667327881,0
87,[39],1,0.2934028208255768,0
87,[39],2,0.24384115636348724,1
87,[39],3,0.13411101698875427,1
87,[39],4,0.22333501279354095,1
87,[39],5,0.10771369934082031,1
87,[39],6,0.6547280550003052,0
87,[39],7,0.49844932556152344,0
87,[39],8,0.16745169460773468,1
87,[39],9,0.3345695436000824,0
87,[39],10,0.40280279517173767,0
87,[39],11,0.17685720324516296,1
87,[39],12,0.16730819642543793,1
87,[39],13,0.5395890474319458,0
87,[39],14,0.3328917324542999,1
87,[39],15,0.166185662150383,1
87,[39],16,0.40409767627716064,0
87,[39],17,0.34979620575904846,1
87,[39],18,0.3813268840312958,1
87,[39],19,0.23270243406295776,1
87,[39],20,0.40482741594314575,0
87,[39],21,0.8304258584976196,0
87,[39],22,0.39002054929733276,1
87,[39],23,1.1436923742294312,0
87,[39],24,0.20943398773670197,1
87,[39],25,0.18470188975334167,1
87,[39],26,0.37759652733802795,1
87,[39],27,0.14331920444965363,1
87,[39],28,0.5461599230766296,0
87,[39],29,0.26234981417655945,1
87,[39],30,0.3105080723762512,1
87,[39],31,0.443548321723938,0
87,[39],32,0.4117964804172516,0
87,[39],33,0.4489545226097107,0
87,[39],34,0.2926430106163025,0
87,[39],35,0.37109214067459106,0
87,[39],36,0.2973816990852356,0
87,[39],37,0.19042685627937317,1
87,[39],38,0.3847750425338745,0
87,[39],40,0.431673526763916,0
87,[39],41,0.25902730226516724,0
87,[39],42,0.22117185592651367,1
87,[39],43,0.2198966145515442,1
87,[39],44,0.21336184442043304,1
87,[39],45,0.21803855895996094,1
87,[39],46,0.5545110106468201,0
87,[39],47,0.22641979157924652,0
87,[39],48,0.266563355922699,0
87,[39],49,0.16648079454898834,1
87,[39],50,0.4317607879638672,0
87,[39],51,0.4358467161655426,0
87,[39],52,0.17680010199546814,1
87,[39],53,0.1358575075864792,1
87,[39],54,0.20104962587356567,1
87,[39],55,0.36032992601394653,0
87,[39],56,0.37897899746894836,0
87,[39],57,0.35409975051879883,1
87,[39],58,0.10738825052976608,1
87,[39],59,0.6859602928161621,0
88,[37],0,0.27252084016799927,0
88,[37],1,0.28099048137664795,0
88,[37],2,0.15623611211776733,1
88,[37],3,0.17094360291957855,1
88,[37],4,0.14298102259635925,1
88,[37],5,0.09882903099060059,1
88,[37],6,0.18106837570667267,1
88,[37],7,0.28289249539375305,1
88,[37],8,0.1095820888876915,1
88,[37],9,0.4241354465484619,0
88,[37],10,0.2530863583087921,1
88,[37],11,0.08689817041158676,1
88,[37],12,0.10722297430038452,1
88,[37],13,0.4161403179168701,0
88,[37],14,0.25685927271842957,0
88,[37],15,0.2356879562139511,1
88,[37],16,0.4143035113811493,1
88,[37],17,0.38094136118888855,1
88,[37],18,0.39342060685157776,1
88,[37],19,0.18082194030284882,1
88,[37],20,0.4575759470462799,0
88,[37],21,0.3852865695953369,1
88,[37],22,0.30862000584602356,1
88,[37],23,0.6711145043373108,0
88,[37],24,0.16994647681713104,1
88,[37],25,0.1712464839220047,1
88,[37],26,0.4046122133731842,0
88,[37],27,0.1258115917444229,1
88,[37],28,0.40770021080970764,0
88,[37],29,0.25478395819664,1
88,[37],30,0.2828458249568939,1
88,[37],31,0.2938360571861267,0
88,[37],32,0.29592856764793396,0
88,[37],33,0.29671546816825867,0
88,[37],34,0.2503702640533447,0
88,[37],35,0.053950224071741104,1
88,[37],36,0.7540374994277954,0
88,[37],38,0.7332600355148315,0
88,[37],39,0.3663442134857178,0
88,[37],40,0.37341564893722534,0
88,[37],41,0.28124114871025085,0
88,[37],42,0.21784771978855133,1
88,[37],43,0.2635882794857025,0
88,[37],44,0.19391284883022308,1
88,[37],45,0.1630862057209015,1
88,[37],46,0.4482957124710083,0
88,[37],47,0.42808687686920166,0
88,[37],48,0.15377894043922424,1
88,[37],49,0.13432946801185608,1
88,[37],50,0.34124910831451416,0
88,[37],51,0.39221033453941345,0
88,[37],52,0.2230805903673172,1
88,[37],53,0.18533235788345337,1
88,[37],54,0.15513069927692413,1
88,[37],55,0.1650623083114624,1
88,[37],56,0.2074611634016037,1
88,[37],57,0.27822965383529663,1
88,[37],58,0.0825306698679924,1
88,[37],59,0.27737247943878174,0
89,[45],0,0.21264846622943878,0
89,[45],1,0.19228971004486084,1
89,[45],2,0.1386769711971283,1
89,[45],3,0.1409413367509842,1
89,[45],4,0.18095074594020844,1
89,[45],5,0.07698582112789154,1
89,[45],6,0.5524423718452454,0
89,[45],7,0.3121662437915802,0
89,[45],8,0.07656029611825943,1
89,[45],9,0.3698352575302124,0
89,[45],10,0.26879480481147766,0
89,[45],11,0.09227006882429123,1
89,[45],12,0.17560024559497833,1
89,[45],13,0.4932454228401184,0
89,[45],14,0.243189737200737,1
89,[45],15,0.13188038766384125,1
89,[45],16,0.3551173806190491,0
89,[45],17,0.35841861367225647,1
89,[45],18,0.36217978596687317,1
89,[45],19,0.13098138570785522,1
89,[45],20,0.24502049386501312,0
89,[45],21,0.43651047348976135,0
89,[45],22,0.2882707715034485,0
89,[45],23,1.0793309211730957,0
89,[45],24,0.14214059710502625,1
89,[45],25,0.154316246509552,1
89,[45],26,0.31816285848617554,0
89,[45],27,0.08931120485067368,1
89,[45],28,0.3526277542114258,0
89,[45],29,0.1723555326461792,1
89,[45],30,0.2578112483024597,0
89,[45],31,0.2935868799686432,0
89,[45],32,0.3288481831550598,0
89,[45],33,0.3093528151512146,0
89,[45],34,0.2931206226348877,0
89,[45],35,0.17021477222442627,0
89,[45],36,0.20954015851020813,0
89,[45],37,0.17372335493564606,1
89,[45],38,0.2656244933605194,0
89,[45],39,0.4522845447063446,0
89,[45],40,0.4269181191921234,0
89,[45],41,0.13697129487991333,1
89,[45],42,0.12118658423423767,1
89,[45],43,0.1259833127260208,1
89,[45],44,0.26061928272247314,0
89,[45],46,0.4817725419998169,0
89,[45],47,0.1495724320411682,1
89,[45],48,0.22087222337722778,0
89,[45],49,0.19482538104057312,1
89,[45],50,0.388484388589859,0
89,[45],51,0.42745351791381836,0
89,[45],52,0.16457892954349518,1
89,[45],53,0.13552123308181763,1
89,[45],54,0.14298048615455627,1
89,[45],55,0.13628076016902924,1
89,[45],56,0.16511939465999603,1
89,[45],57,0.280805379152298,1
89,[45],58,0.0846962034702301,1
89,[45],59,0.7106931209564209,0
90,[53],0,0.397689551115036,0
90,[53],1,0.6424819827079773,0
90,[53],2,0.3914928734302521,0
90,[53],3,0.17409364879131317,0
90,[53],4,0.2994779050350189,0
90,[53],5,0.2677127718925476,0
90,[53],6,1.0395535230636597,0
90,[53],7,0.6453044414520264,0
90,[53],8,0.10693952441215515,1
90,[53],9,0.36701053380966187,0
90,[53],10,0.2577081322669983,0
90,[53],11,0.11481738090515137,1
90,[53],12,0.15424686670303345,0
90,[53],13,0.7076362371444702,0
90,[53],14,0.09885791689157486,1
90,[53],15,0.24909324944019318,0
90,[53],16,0.29073312878608704,0
90,[53],17,0.32560819387435913,0
90,[53],18,0.4862714111804962,0
90,[53],19,0.4674544930458069,0
90,[53],20,0.24425667524337769,0
90,[53],21,0.6714662909507751,1
90,[53],22,0.5478404760360718,1
90,[53],23,0.7002410888671875,0
90,[53],24,0.21579161286354065,1
90,[53],25,0.22129777073860168,0
90,[53],26,0.4259161055088043,1
90,[53],27,0.08008576929569244,1
90,[53],28,0.6353104114532471,0
90,[53],29,0.15433870255947113,1
90,[53],30,0.1210479661822319,1
90,[53],31,0.3060759902000427,1
90,[53],32,0.2778984010219574,1
90,[53],33,0.30245688557624817,1
90,[53],34,0.12904036045074463,0
90,[53],35,0.562899112701416,0
90,[53],36,0.14162638783454895,0
90,[53],37,0.325094610452652,0
90,[53],38,0.15467220544815063,1
90,[53],39,0.49831390380859375,0
90,[53],40,0.06309178471565247,1
90,[53],41,0.19025087356567383,0
90,[53],42,0.19747434556484222,0
90,[53],43,0.1743723601102829,0
90,[53],44,0.40608516335487366,0
90,[53],45,0.3139593303203583,0
90,[53],46,0.34961068630218506,0
90,[53],47,0.08925269544124603,1
90,[53],48,0.08015517890453339,1
90,[53],49,0.07330095022916794,1
90,[53],50,0.3065284192562103,1
90,[53],51,0.3259926438331604,1
90,[53],52,0.017977159470319748,1
90,[53],54,0.356324702501297,0
90,[53],55,0.6864842772483826,0
90,[53],56,0.4638396203517914,0
90,[53],57,0.16720306873321533,1
90,[53],58,0.13102056086063385,1
90,[53],59,0.44145938754081726,0
91,[47],0,0.2847587466239929,0
91,[47],1,0.5415214896202087,0
91,[47],2,0.3349161148071289,0
91,[47],3,0.19495418667793274,1
91,[47],4,0.2931622862815857,1
91,[47],5,0.17271825671195984,0
91,[47],6,0.9653635025024414,0
91,[47],7,0.4826662838459015,0
91,[47],8,0.18433332443237305,1
91,[47],9,0.38990873098373413,0
91,[47],10,0.28776320815086365,0
91,[47],11,0.133510559797287,1
91,[47],12,0.1751806139945984,1
91,[47],13,0.6170739531517029,0
91,[47],14,0.26805633306503296,1
91,[47],15,0.1633371263742447,1
91,[47],16,0.5535233020782471,0
91,[47],17,0.6085054874420166,0
91,[47],18,0.6367543935775757,0
91,[47],19,0.24396753311157227,0
91,[47],20,0.5419134497642517,0
91,[47],21,1.4734104871749878,0
91,[47],22,0.4698171019554138,1
91,[47],23,0.9706777334213257,0
91,[47],24,0.3208145499229431,0
91,[47],25,0.24110260605812073,0
91,[47],26,0.6084547638893127,1
91,[47],27,0.08279957622289658,1
91,[47],28,0.4632885158061981,0
91,[47],29,0.1763605922460556,1
91,[47],30,0.2276930809020996,1
91,[47],31,0.2894219160079956,0
91,[47],32,0.31171655654907227,0
91,[47],33,0.33825719356536865,0
91,[47],34,0.2785852253437042,0
91,[47],35,0.5087754130363464,0
91,[47],36,0.27730631828308105,0
91,[47],37,0.2388290911912918,0
91,[47],38,0.3681541681289673,0
91,[47],39,0.45907920598983765,0
91,[47],40,0.15018871426582336,1
91,[47],41,0.22609637677669525,1
91,[47],42,0.20242543518543243,1
91,[47],43,0.19960808753967285,1
91,[47],44,0.37069419026374817,0
91,[47],45,0.28195908665657043,0
91,[47],46,0.5415729284286499,0
91,[47],48,0.04870184138417244,1
91,[47],49,0.11696890741586685,1
91,[47],50,0.38720592856407166,1
91,[47],51,0.345819890499115,0
91,[47],52,0.18418961763381958,1
91,[47],53,0.16356389224529266,1
91,[47],54,0.20356759428977966,0
91,[47],55,0.52782142162323,0
91,[47],56,0.5163838267326355,0
91,[47],57,0.13175393640995026,1
91,[47],58,0.10143318772315979,1
91,[47],59,0.7167876958847046,0
92,[2],0,0.12090460956096649,1
92,[2],1,0.0603177547454834,1
92,[2],3,0.0816531851887703,1
92,[2],4,0.1757815182209015,1
92,[2],5,0.07356572896242142,1
92,[2],6,0.4695375859737396,0
92,[2],7,0.19424410164356232,0
92,[2],8,0.05868224427103996,1
92,[2],9,0.26670974493026733,1
92,[2],10,0.3312312364578247,0
92,[2],11,0.12270146608352661,1
92,[2],12,0.16742204129695892,1
92,[2],13,0.3125784397125244,0
92,[2],14,0.12152456492185593,1
92,[2],15,0.0913008376955986,1
92,[2],16,0.28561070561408997,0
92,[2],17,0.2734096050262451,1
92,[2],18,0.26991701126098633,1
92,[2],19,0.18401439487934113,1
92,[2],20,0.22929994761943817,0
92,[2],21,0.6876507997512817,0
92,[2],22,0.3262975811958313,0
92,[2],23,0.9509176015853882,0
92,[2],24,0.14329728484153748,1
92,[2],25,0.14372465014457703,0
92,[2],26,0.2631942331790924,1
92,[2],27,0.10031961649656296,1
92,[2],28,0.310028612613678,0
92,[2],29,0.13854965567588806,1
92,[2],30,0.26666852831840515,0
92,[2],31,0.255778044462204,0
92,[2],32,0.24350492656230927,0
92,[2],33,0.24903443455696106,0
92,[2],34,0.29780423641204834,0
92,[2],35,0.18401403725147247,1
92,[2],36,0.19094669818878174,0
92,[2],37,0.18849237263202667,0
92,[2],38,0.26366889476776123,0
92,[2],39,0.3338701128959656,0
92,[2],40,0.4537297189235687,0
92,[2],41,0.19759997725486755,0
92,[2],42,0.16190211474895477,1
92,[2],43,0.18433833122253418,1
92,[2],44,0.14148615300655365,1
92,[2],45,0.09420383721590042,1
92,[2],46,0.6290587782859802,0
92,[2],47,0.19564786553382874,0
92,[2],48,0.2648940980434418,0
92,[2],49,0.11616940796375275,1
92,[2],50,0.5689238905906677,0
92,[2],51,0.6048784852027893,0
92,[2],52,0.11125876009464264,1
92,[2],53,0.09025317430496216,1
92,[2],54,0.13531357049942017,1
92,[2],55,0.15545418858528137,1
92,[2],56,0.19684867560863495,1
92,[2],57,0.26471561193466187,1
92,[2],58,0.09040476381778717,1
92,[2],59,0.48061665892601013,0
93,[11],0,0.2716326117515564,0
93,[11],1,0.3998759686946869,0
93,[11],2,0.21590930223464966,0
93,[11],3,0.11505550891160965,0
93,[11],4,0.1445598602294922,1
93,[11],5,0.055644843727350235,1
93,[11],6,0.6308423280715942,0
93,[11],7,0.3863520622253418,0
93,[11],8,0.10029935836791992,1
93,[11],9,0.20240554213523865,1
93,[11],10,0.13261482119560242,1
93,[11],12,0.09501701593399048,1
93,[11],13,0.4195893704891205,0
93,[11],14,0.10529074817895889,1
93,[11],15,0.11139577627182007,1
93,[11],16,0.13929332792758942,1
93,[11],17,0.13325481116771698,1
93,[11],18,0.12272720783948898,1
93,[11],19,0.15504240989685059,1
93,[11],20,0.18665148317813873,0
93,[11],21,0.48670321702957153,0
93,[11],22,0.20763163268566132,1
93,[11],23,0.8306615948677063,0
93,[11],24,0.10558784008026123,1
93,[11],25,0.13321562111377716,1
93,[11],26,0.21875067055225372,1
93,[11],27,0.02370566688477993,1
93,[11],28,0.3106686472892761,0
93,[11],29,0.12426865845918655,1
93,[11],30,0.19871008396148682,1
93,[11],31,0.16772086918354034,1
93,[11],32,0.1698511689901352,1
93,[11],33,0.18122629821300507,0
93,[11],34,0.1973324716091156,0
93,[11],35,0.35397136211395264,0
93,[11],36,0.15689101815223694,0
93,[11],37,0.24437010288238525,0
93,[11],38,0.16324235498905182,1
93,[11],39,0.5173748135566711,0
93,[11],40,0.14327287673950195,1
93,[11],41,0.13500399887561798,1
93,[11],42,0.10267434269189835,1
93,[11],43,0.12924109399318695,1
93,[11],44,0.20321717858314514,1
93,[11],45,0.1609961986541748,1
93,[11],46,0.34572795033454895,0
93,[11],47,0.0971289873123169,1
93,[11],48,0.1349695324897766,1
93,[11],49,0.06989751011133194,1
93,[11],50,0.22914016246795654,1
93,[11],51,0.22711290419101715,1
93,[11],52,0.12924174964427948,1
93,[11],53,0.10134994238615036,1
93,[11],54,0.10294608026742935,1
93,[11],55,0.35334378480911255,0
93,[11],56,0.1335228681564331,1
93,[11],57,0.14835995435714722,1
93,[11],58,0.05200354382395744,1
93,[11],59,0.7863362431526184,0
94,[31],0,0.402496874332428,0
94,[31],1,0.5258786678314209,0
94,[31],2,0.3245657682418823,0
94,[31],3,0.16312828660011292,0
94,[31],4,0.26016926765441895,0
94,[31],5,0.14246538281440735,0
94,[31],6,0.6250520348548889,0
94,[31],7,0.38255444169044495,0
94,[31],8,0.18143106997013092,0
94,[31],9,0.3673955798149109,0
94,[31],10,0.09613214433193207,1
94,[31],11,0.11562083661556244,1
94,[31],12,0.15969312191009521,0
94,[31],13,0.6704150438308716,0
94,[31],14,0.18767186999320984,1
94,[31],15,0.17049847543239594,1
94,[31],16,0.3877033293247223,0
94,[31],17,0.37427738308906555,0
94,[31],18,0.4174732267856598,0
94,[31],19,0.335938036441803,0
94,[31],20,0.27952948212623596,1
94,[31],21,0.3837915360927582,0
94,[31],22,0.10478858649730682,1
94,[31],23,0.6025076508522034,0
94,[31],24,0.10468871891498566,1
94,[31],25,0.13145756721496582,1
94,[31],26,0.39417073130607605,0
94,[31],27,0.059145841747522354,1
94,[31],28,0.5038015842437744,0
94,[31],29,0.07888447493314743,1
94,[31],30,0.14288179576396942,1
94,[31],32,0.05108775198459625,1
94,[31],33,0.07947053015232086,1
94,[31],34,0.21140730381011963,1
94,[31],35,0.3629113733768463,0
94,[31],36,0.2393481731414795,1
94,[31],37,0.2429284155368805,1
94,[31],38,0.24400374293327332,0
94,[31],39,0.5098910331726074,0
94,[31],40,0.1949000358581543,1
94,[31],41,0.22265850007534027,1
94,[31],42,0.1921302080154419,1
94,[31],43,0.19499678909778595,1
94,[31],44,0.2923717498779297,0
94,[31],45,0.3067862391471863,0
94,[31],46,0.4209398329257965,0
94,[31],47,0.1847417950630188,1
94,[31],48,0.12505990266799927,1
94,[31],49,0.08028902858495712,1
94,[31],50,0.2995167672634125,1
94,[31],51,0.3202337622642517,1
94,[31],52,0.1745593398809433,1
94,[31],53,0.1351180374622345,1
94,[31],54,0.2190794199705124,0
94,[31],55,0.44253507256507874,0
94,[31],56,0.3014768064022064,0
94,[31],57,0.09503581374883652,1
94,[31],58,0.05655408650636673,1
94,[31],59,0.6464059948921204,0
95,[27],0,0.29350465536117554,0
95,[27],1,0.3910829722881317,0
95,[27],2,0.18393832445144653,0
95,[27],3,0.07678412646055222,1
95,[27],4,0.19582848250865936,0
95,[27],5,0.06883957982063293,1
95,[27],6,0.4230835735797882,0
95,[27],7,0.4451979696750641,0
95,[27],8,0.04903915524482727,1
95,[27],9,0.20887497067451477,1
95,[27],10,0.11844715476036072,0
95,[27],11,0.1906358152627945,0
95,[27],12,0.15210546553134918,1
95,[27],13,0.41509151458740234,0
95,[27],14,0.1259346753358841,1
95,[27],15,0.18349534273147583,0
95,[27],16,0.21444207429885864,0
95,[27],17,0.16563725471496582,1
95,[27],18,0.16382147371768951,1
95,[27],19,0.23442848026752472,0
95,[27],20,0.12089098244905472,1
95,[27],21,0.4449004828929901,0
95,[27],22,0.08027336746454239,1
95,[27],23,0.7910099029541016,0
95,[27],24,0.09844878315925598,1
95,[27],25,0.11675350368022919,1
95,[27],26,0.13470664620399475,1
95,[27],28,0.3678991496562958,0
95,[27],29,0.04472339525818825,1
95,[27],30,0.19177325069904327,0
95,[27],31,0.17462891340255737,0
95,[27],32,0.17881329357624054,0
95,[27],33,0.17940057814121246,0
95,[27],34,0.17675088346004486,0
95,[27],35,0.2553136646747589,0
95,[27],36,0.14863555133342743,0
95,[27],37,0.19773851335048676,0
95,[27],38,0.12732136249542236,0
95,[27],39,0.48979663848876953,0
95,[27],40,0.13773244619369507,1
95,[27],41,0.15644747018814087,1
95,[27],42,0.10239657759666443,1
95,[27],43,0.19837449491024017,0
95,[27],44,0.17507554590702057,1
95,[27],45,0.2451568990945816,0
95,[27],46,0.40512728691101074,0
95,[27],47,0.09191744774580002,1
95,[27],48,0.17606477439403534,1
95,[27],49,0.044050123542547226,1
95,[27],50,0.25050127506256104,1
95,[27],51,0.22442473471164703,1
95,[27],52,0.08605446666479111,1
95,[27],53,0.074588343501091,1
95,[27],54,0.10142689943313599,1
95,[27],55,0.4779815673828125,0
95,[27],56,0.08383331447839737,1
95,[27],57,0.07674475014209747,1
95,[27],58,0.03675609081983566,1
95,[27],59,0.5701311230659485,0
96,[35],0,0.26105356216430664,0
96,[35],1,0.2526496648788452,0
96,[35],2,0.15829682350158691,1
96,[35],3,0.1438317745923996,1
96,[35],4,0.09538386017084122,1
96,[35],5,0.06776805222034454,1
96,[35],6,0.1313551962375641,1
96,[35],7,0.20505668222904205,1
96,[35],8,0.12327726930379868,1
96,[35],9,0.4127640128135681,0
96,[35],10,0.24903108179569244,0
96,[35],11,0.09762941300868988,1
96,[35],12,0.1101788878440857,1
96,[35],13,0.38650718331336975,0
96,[35],14,0.29326263070106506,0
96,[35],15,0.2228044867515564,1
96,[35],16,0.34763988852500916,1
96,[35],17,0.3456350564956665,1
96,[35],18,0.3545680046081543,1
96,[35],19,0.17636245489120483,1
96,[35],20,0.3489934504032135,0
96,[35],21,0.41175955533981323,1
96,[35],22,0.3191654086112976,1
96,[35],23,0.6321795582771301,0
96,[35],24,0.16829635202884674,1
96,[35],25,0.14124010503292084,1
96,[35],26,0.36203619837760925,0
96,[35],27,0.1286257803440094,1
96,[35],28,0.3440604507923126,0
96,[35],29,0.24989351630210876,1
96,[35],30,0.21709294617176056,1
96,[35],31,0.2208726704120636,0
96,[35],32,0.21900519728660583,1
96,[35],33,0.22941316664218903,0
96,[35],34,0.2637859880924225,1
96,[35],36,0.3792141079902649,0
96,[35],37,0.04197544604539871,1
96,[35],38,0.5951934456825256,0
96,[35],39,0.33610808849334717,0
96,[35],40,0.3135266900062561,0
96,[35],41,0.27975255250930786,0
96,[35],42,0.21415527164936066,1
96,[35],43,0.29395055770874023,0
96,[35],44,0.18361660838127136,1
96,[35],45,0.1407364457845688,1
96,[35],46,0.4201887845993042,0
96,[35],47,0.30471745133399963,0
96,[35],48,0.13007879257202148,1
96,[35],49,0.12277644872665405,1
96,[35],50,0.38075780868530273,0
96,[35],51,0.3816451132297516,0
96,[35],52,0.186333566904068,1
96,[35],53,0.1543528437614441,1
96,[35],54,0.12725859880447388,1
96,[35],55,0.18803511559963226,1
96,[35],56,0.24090945720672607,0
96,[35],57,0.26565033197402954,1
96,[35],58,0.07131673395633698,1
96,[35],59,0.25983932614326477,0
97,[50],0,0.25563353300094604,0
97,[50],1,0.5292936563491821,0
97,[50],2,0.31286242604255676,0
97,[50],3,0.14098916947841644,0
97,[50],4,0.25732776522636414,1
97,[50],5,0.14547879993915558,0
97,[50],6,0.2823692262172699,1
97,[50],7,0.45886707305908203,0
97,[50],8,0.16551266610622406,1
97,[50],9,0.3880946934223175,0
97,[50],10,0.2529171109199524,0
97,[50],11,0.15860870480537415,1
97,[50],12,0.16480588912963867,1
97,[50],13,0.5769137740135193,0
97,[50],14,0.17122623324394226,1
97,[50],15,0.29525861144065857,0
97,[50],16,0.4533354640007019,0
97,[50],17,0.4200589954853058,1
97,[50],18,0.3974510431289673,1
97,[50],19,0.3188580274581909,0
97,[50],20,0.2412685602903366,1
97,[50],21,0.4692121148109436,0
97,[50],22,0.3479548692703247,1
97,[50],23,0.7999368906021118,0
97,[50],24,0.17037801444530487,1
97,[50],25,0.1614571213722229,1
97,[50],26,0.22280879318714142,1
97,[50],27,0.05685412883758545,1
97,[50],28,0.5553837418556213,0
97,[50],29,0.12502606213092804,1
97,[50],30,0.35256996750831604,0
97,[50],31,0.30294865369796753,0
97,[50],32,0.3155633807182312,0
97,[50],33,0.3133030831813812,0
97,[50],34,0.31969961524009705,0
97,[50],35,0.1570957601070404,1
97,[50],36,0.44645461440086365,0
97,[50],37,0.12394515424966812,1
97,[50],38,0.4378340542316437,0
97,[50],39,0.6416313648223877,0
97,[50],40,0.1166885495185852,1
97,[50],41,0.2550677955150604,1
97,[50],42,0.18723087012767792,1
97,[50],43,0.18243692815303802,1
97,[50],44,0.23053431510925293,1
97,[50],45,0.282486230134964,0
97,[50],46,0.5873167514801025,0
97,[50],47,0.120274119079113,1
97,[50],48,0.22305242717266083,1
97,[50],49,0.07740689814090729,1
97,[50],51,0.04439437761902809,1
97,[50],52,0.16572196781635284,1
97,[50],53,0.1393432468175888,1
97,[50],54,0.23836426436901093,1
97,[50],55,0.516136109828949,0
97,[50],56,0.21762029826641083,0
97,[50],57,0.1657300442457199,1
97,[50],58,0.06752492487430573,1
97,[50],59,0.40147915482521057,0
98,[35],0,0.26105356216430664,0
98,[35],1,0.2526496648788452,0
98,[35],2,0.15829682350158691,1
98,[35],3,0.1438317745923996,1
98,[35],4,0.09538386017084122,1
98,[35],5,0.06776805222034454,1
98,[35],6,0.1313551962375641,1
98,[35],7,0.20505668222904205,1
98,[35],8,0.12327726930379868,1
98,[35],9,0.4127640128135681,0
98,[35],10,0.24903108179569244,0
98,[35],11,0.09762941300868988,1
98,[35],12,0.1101788878440857,1
98,[35],13,0.38650718331336975,0
98,[35],14,0.29326263070106506,0
98,[35],15,0.2228044867515564,1
98,[35],16,0.34763988852500916,1
98,[35],17,0.3456350564956665,1
98,[35],18,0.3545680046081543,1
98,[35],19,0.17636245489120483,1
98,[35],20,0.3489934504032135,0
98,[35],21,0.41175955533981323,1
98,[35],22,0.3191654086112976,1
98,[35],23,0.6321795582771301,0
98,[35],24,0.16829635202884674,1
98,[35],25,0.14124010503292084,1
98,[35],26,0.36203619837760925,0
98,[35],27,0.1286257803440094,1
98,[35],28,0.3440604507923126,0
98,[35],29,0.24989351630210876,1
98,[35],30,0.21709294617176056,1
98,[35],31,0.2208726704120636,0
98,[35],32,0.21900519728660583,1
98,[35],33,0.22941316664218903,0
98,[35],34,0.2637859880924225,1
98,[35],36,0.3792141079902649,0
98,[35],37,0.04197544604539871,1
98,[35],38,0.5951934456825256,0
98,[35],39,0.33610808849334717,0
98,[35],40,0.3135266900062561,0
98,[35],41,0.27975255250930786,0
98,[35],42,0.21415527164936066,1
98,[35],43,0.29395055770874023,0
98,[35],44,0.18361660838127136,1
98,[35],45,0.1407364457845688,1
98,[35],46,0.4201887845993042,0
98,[35],47,0.30471745133399963,0
98,[35],48,0.13007879257202148,1
98,[35],49,0.12277644872665405,1
98,[35],50,0.38075780868530273,0
98,[35],51,0.3816451132297516,0
98,[35],52,0.186333566904068,1
98,[35],53,0.1543528437614441,1
98,[35],54,0.12725859880447388,1
98,[35],55,0.18803511559963226,1
98,[35],56,0.24090945720672607,0
98,[35],57,0.26565033197402954,1
98,[35],58,0.07131673395633698,1
98,[35],59,0.25983932614326477,0
99,[13],0,0.13609984517097473,1
99,[13],1,0.30253133177757263,0
99,[13],2,0.08889606595039368,1
99,[13],3,0.07155445218086243,1
99,[13],4,0.08695247024297714,1
99,[13],5,0.051028214395046234,1
99,[13],6,0.7080408334732056,0
99,[13],7,0.14389918744564056,1
99,[13],8,0.07113479822874069,1
99,[13],9,0.19719499349594116,1
99,[13],10,0.17902220785617828,1
99,[13],11,0.12923890352249146,1
99,[13],12,0.13229124248027802,1
99,[13],14,0.06858322769403458,1
99,[13],15,0.092959463596344,1
99,[13],16,0.21549907326698303,0
99,[13],17,0.20885489881038666,1
99,[13],18,0.23854507505893707,1
99,[13],19,0.1083437129855156,1
99,[13],20,0.22631803154945374,1
99,[13],21,0.30085963010787964,0
99,[13],22,0.24308589100837708,0
99,[13],23,0.7199448347091675,0
99,[13],24,0.11269631236791611,1
99,[13],25,0.11924608051776886,1
99,[13],26,0.23098406195640564,1
99,[13],27,0.12102041393518448,1
99,[13],28,0.27120882272720337,0
99,[13],29,0.08188609033823013,1
99,[13],30,0.2596231698989868,0
99,[13],31,0.2438916116952896,0
99,[13],32,0.283831924200058,0
99,[13],33,0.25761377811431885,0
99,[13],34,0.28343528509140015,0
99,[13],35,0.06348033994436264,1
99,[13],36,0.23768079280853271,0
99,[13],37,0.12726356089115143,1
99,[13],38,0.37643638253211975,0
99,[13],39,0.41611146926879883,0
99,[13],40,0.25478440523147583,1
99,[13],41,0.22119279205799103,1
99,[13],42,0.1626477688550949,1
99,[13],43,0.22234876453876495,0
99,[13],44,0.08542084693908691,1
99,[13],45,0.16890817880630493,1
99,[13],46,0.3923031985759735,0
99,[13],47,0.10252458602190018,1
99,[13],48,0.2144906222820282,0
99,[13],49,0.09858101606369019,1
99,[13],50,0.37626978754997253,0
99,[13],51,0.34683758020401,1
99,[13],52,0.13103839755058289,1
99,[13],53,0.11311288177967072,1
99,[13],54,0.108713798224926,1
99,[13],55,0.09295547753572464,1
99,[13],56,0.16851551830768585,0
99,[13],57,0.25291162729263306,1
99,[13],58,0.06884036958217621,1
99,[13],59,0.3496948182582855,0
100,[5],0,0.2799654006958008,0
100,[5],1,0.18576033413410187,0
100,[5],2,0.09488850086927414,1
100,[5],3,0.09114908427000046,1
100,[5],4,0.19827981293201447,1
100,[5],6,0.427901953458786,0
100,[5],7,0.19817835092544556,1
100,[5],8,0.06449113041162491,1
100,[5],9,0.2383764237165451,0
100,[5],10,0.2940669059753418,0
100,[5],11,0.10285113751888275,1
100,[5],12,0.12908263504505157,1
100,[5],13,0.21192629635334015,1
100,[5],14,0.1776743233203888,1
100,[5],15,0.12995365262031555,1
100,[5],16,0.19283223152160645,1
100,[5],17,0.19561271369457245,1
100,[5],18,0.1884576380252838,1
100,[5],19,0.10629862546920776,1
100,[5],20,0.23600980639457703,0
100,[5],21,0.37787023186683655,0
100,[5],22,0.3076951801776886,0
100,[5],23,0.7320541143417358,0
100,[5],24,0.11098586022853851,1
100,[5],25,0.11222171783447266,1
100,[5],26,0.2638722360134125,1
100,[5],27,0.11078646779060364,1
100,[5],28,0.3320651650428772,0
100,[5],29,0.09135694056749344,1
100,[5],30,0.23632948100566864,0
100,[5],31,0.2986603081226349,0
100,[5],32,0.29994872212409973,0
100,[5],33,0.3149794340133667,0
100,[5],34,0.14433492720127106,0
100,[5],35,0.17852051556110382,0
100,[5],36,0.13820675015449524,1
100,[5],37,0.16712619364261627,0
100,[5],38,0.42203155159950256,0
100,[5],39,0.32524240016937256,0
100,[5],40,0.2609238624572754,0
100,[5],41,0.19985431432724,0
100,[5],42,0.13980485498905182,1
100,[5],43,0.23279698193073273,1
100,[5],44,0.13111229240894318,1
100,[5],45,0.1449022889137268,1
100,[5],46,0.43525969982147217,0
100,[5],47,0.19129876792430878,0
100,[5],48,0.16934576630592346,0
100,[5],49,0.09354695677757263,1
100,[5],50,0.3717350661754608,0
100,[5],51,0.43124303221702576,0
100,[5],52,0.12438075244426727,1
100,[5],53,0.09308964014053345,1
100,[5],54,0.07666072994470596,1
100,[5],55,0.11699696630239487,1
100,[5],56,0.2765594720840454,0
100,[5],57,0.22675228118896484,1
100,[5],58,0.06860032677650452,1
100,[5],59,0.3882518708705902,0
101,[42],0,0.2956779897212982,0
101,[42],1,0.5936028957366943,0
101,[42],2,0.2292962521314621,1
101,[42],3,0.20256659388542175,0
101,[42],4,0.2794952988624573,1
101,[42],5,0.12503741681575775,1
101,[42],6,0.6739500761032104,0
101,[42],7,0.5860586762428284,0
101,[42],8,0.14844410121440887,1
101,[42],9,0.22991704940795898,1
101,[42],10,0.32041266560554504,0
101,[42],11,0.21082744002342224,1
101,[42],12,0.15477503836154938,1
101,[42],13,0.5567571520805359,0
101,[42],14,0.4308721721172333,0
101,[42],15,0.18729346990585327,1
101,[42],16,0.32729730010032654,0
101,[42],17,0.34201306104660034,1
101,[42],18,0.3698672950267792,1
101,[42],19,0.29430288076400757,0
101,[42],20,0.2667303681373596,0
101,[42],21,1.0618782043457031,0
101,[42],22,0.4086337089538574,0
101,[42],23,1.0707168579101562,0
101,[42],24,0.20952048897743225,1
101,[42],25,0.23151549696922302,1
101,[42],26,0.3731936514377594,1
101,[42],27,0.12233754992485046,1
101,[42],28,0.5487104058265686,0
101,[42],29,0.2318081259727478,1
101,[42],30,0.24784259498119354,1
101,[42],31,0.318767786026001,0
101,[42],32,0.2823347747325897,0
101,[42],33,0.3304961621761322,0
101,[42],34,0.2508029341697693,0
101,[42],35,0.33678337931632996,0
101,[42],36,0.2866530418395996,0
101,[42],37,0.2501559555530548,0
101,[42],38,0.30925288796424866,0
101,[42],39,0.5717572569847107,0
101,[42],40,0.2855449318885803,0
101,[42],41,0.08559082448482513,1
101,[42],43,0.22722633183002472,1
101,[42],44,0.24822960793972015,1
101,[42],45,0.18987374007701874,1
101,[42],46,0.4003102779388428,0
101,[42],47,0.19240909814834595,0
101,[42],48,0.2084902673959732,1
101,[42],49,0.1327589899301529,1
101,[42],50,0.46738550066947937,0
101,[42],51,0.44038257002830505,0
101,[42],52,0.14368674159049988,1
101,[42],53,0.11275184899568558,1
101,[42],54,0.22331573069095612,1
101,[42],55,0.519098162651062,0
101,[42],56,0.4014143943786621,0
101,[42],57,0.3124271631240845,1
101,[42],58,0.13868342339992523,1
101,[42],59,0.7392451167106628,0
102,[0],1,0.12724576890468597,1
102,[0],2,0.08062157779932022,1
102,[0],3,0.10743916034698486,1
102,[0],4,0.18089111149311066,1
102,[0],5,0.10485817492008209,1
102,[0],6,0.35098719596862793,0
102,[0],7,0.3462105095386505,0
102,[0],8,0.07688721269369125,1
102,[0],9,0.2872960567474365,1
102,[0],10,0.2734489142894745,0
102,[0],11,0.1430787295103073,1
102,[0],12,0.163992241024971,1
102,[0],13,0.40303927659988403,0
102,[0],14,0.1780928671360016,1
102,[0],15,0.19159150123596191,1
102,[0],16,0.3969447910785675,0
102,[0],17,0.3600693643093109,1
102,[0],18,0.35927700996398926,1
102,[0],19,0.22587156295776367,1
102,[0],20,0.2781807780265808,0
102,[0],21,0.5967238545417786,0
102,[0],22,0.348632276058197,0
102,[0],23,0.8559808731079102,0
102,[0],24,0.15938428044319153,1
102,[0],25,0.1788288652896881,1
102,[0],26,0.34193363785743713,1
102,[0],27,0.08256224542856216,1
102,[0],28,0.39038026332855225,0
102,[0],29,0.17808140814304352,1
102,[0],30,0.2927258312702179,0
102,[0],31,0.29724249243736267,0
102,[0],32,0.300720751285553,0
102,[0],33,0.3051619529724121,0
102,[0],34,0.27618804574012756,0
102,[0],35,0.27497127652168274,0
102,[0],36,0.22766956686973572,0
102,[0],37,0.14083896577358246,1
102,[0],38,0.30159834027290344,0
102,[0],39,0.33944371342658997,0
102,[0],40,0.4098118543624878,0
102,[0],41,0.23839135468006134,0
102,[0],42,0.15534035861492157,1
102,[0],43,0.2089518904685974,1
102,[0],44,0.21854902803897858,1
102,[0],45,0.16938120126724243,1
102,[0],46,0.6572883725166321,0
102,[0],47,0.18710799515247345,0
102,[0],48,0.26218706369400024,0
102,[0],49,0.12441078573465347,1
102,[0],50,0.4422694742679596,0
102,[0],51,0.4917786419391632,0
102,[0],52,0.14150117337703705,1
102,[0],53,0.11075595766305923,1
102,[0],54,0.16812755167484283,1
102,[0],55,0.31994473934173584,0
102,[0],56,0.2080088108778,1
102,[0],57,0.18983468413352966,1
102,[0],58,0.1070529893040657,1
102,[0],59,0.5659142136573792,0
103,[8],0,0.17855514585971832,1
103,[8],1,0.1873830109834671,1
103,[8],2,0.08458299189805984,1
103,[8],3,0.0902840718626976,1
103,[8],4,0.1479114592075348,1
103,[8],5,0.04685910418629646,1
103,[8],6,0.6166874170303345,0
103,[8],7,0.18560996651649475,1
103,[8],9,0.2505709230899811,1
103,[8],10,0.14504989981651306,1
103,[8],11,0.07769720256328583,1
103,[8],12,0.10135358572006226,1
103,[8],13,0.15233969688415527,1
103,[8],14,0.07514350116252899,1
103,[8],15,0.09147894382476807,1
103,[8],16,0.1865316927433014,1
103,[8],17,0.14774268865585327,1
103,[8],18,0.14663590490818024,1
103,[8],19,0.1378520280122757,1
103,[8],20,0.1973978728055954,1
103,[8],21,0.34075626730918884,0
103,[8],22,0.2687596082687378,1
103,[8],23,0.8259626030921936,0
103,[8],24,0.07980111241340637,1
103,[8],25,0.09069733321666718,1
103,[8],26,0.18951568007469177,1
103,[8],27,0.05515284091234207,1
103,[8],28,0.31738296151161194,0
103,[8],29,0.08482328057289124,1
103,[8],30,0.24342083930969238,0
103,[8],31,0.20469912886619568,0
103,[8],32,0.22901374101638794,0
103,[8],33,0.21266043186187744,0
103,[8],34,0.2721894085407257,0
103,[8],35,0.14932705461978912,1
103,[8],36,0.1428133249282837,1
103,[8],37,0.21333809196949005,0
103,[8],38,0.13388265669345856,1
103,[8],39,0.32653453946113586,0
103,[8],40,0.2648751139640808,0
103,[8],41,0.127403125166893,1
103,[8],42,0.07189486920833588,1
103,[8],43,0.12509088218212128,1
103,[8],44,0.09903767704963684,1
103,[8],45,0.10556945204734802,1
103,[8],46,0.4100779592990875,0
103,[8],47,0.09159927070140839,1
103,[8],48,0.22193412482738495,0
103,[8],49,0.08095929026603699,1
103,[8],50,0.3708028495311737,0
103,[8],51,0.36490240693092346,1
103,[8],52,0.1307440549135208,1
103,[8],53,0.09394348412752151,1
103,[8],54,0.10532766580581665,1
103,[8],55,0.1247054934501648,1
103,[8],56,0.08567845821380615,1
103,[8],57,0.17367923259735107,1
103,[8],58,0.038692768663167953,1
103,[8],59,0.499727725982666,0
104,[27],0,0.29350465536117554,0
104,[27],1,0.3910829722881317,0
104,[27],2,0.18393832445144653,0
104,[27],3,0.07678412646055222,1
104,[27],4,0.19582848250865936,0
104,[27],5,0.06883957982063293,1
104,[27],6,0.4230835735797882,0
104,[27],7,0.4451979696750641,0
104,[27],8,0.04903915524482727,1
104,[27],9,0.20887497067451477,1
104,[27],10,0.11844715476036072,0
104,[27],11,0.1906358152627945,0
104,[27],12,0.15210546553134918,1
104,[27],13,0.41509151458740234,0
104,[27],14,0.1259346753358841,1
104,[27],15,0.18349534273147583,0
104,[27],16,0.21444207429885864,0
104,[27],17,0.16563725471496582,1
104,[27],18,0.16382147371768951,1
104,[27],19,0.23442848026752472,0
104,[27],20,0.12089098244905472,1
104,[27],21,0.4449004828929901,0
104,[27],22,0.08027336746454239,1
104,[27],23,0.7910099029541016,0
104,[27],24,0.09844878315925598,1
104,[27],25,0.11675350368022919,1
104,[27],26,0.13470664620399475,1
104,[27],28,0.3678991496562958,0
104,[27],29,0.04472339525818825,1
104,[27],30,0.19177325069904327,0
104,[27],31,0.17462891340255737,0
104,[27],32,0.17881329357624054,0
104,[27],33,0.17940057814121246,0
104,[27],34,0.17675088346004486,0
104,[27],35,0.2553136646747589,0
104,[27],36,0.14863555133342743,0
104,[27],37,0.19773851335048676,0
104,[27],38,0.12732136249542236,0
104,[27],39,0.48979663848876953,0
104,[27],40,0.13773244619369507,1
104,[27],41,0.15644747018814087,1
104,[27],42,0.10239657759666443,1
104,[27],43,0.19837449491024017,0
104,[27],44,0.17507554590702057,1
104,[27],45,0.2451568990945816,0
104,[27],46,0.40512728691101074,0
104,[27],47,0.09191744774580002,1
104,[27],48,0.17606477439403534,1
104,[27],49,0.044050123542547226,1
104,[27],50,0.25050127506256104,1
104,[27],51,0.22442473471164703,1
104,[27],52,0.08605446666479111,1
104,[27],53,0.074588343501091,1
104,[27],54,0.10142689943313599,1
104,[27],55,0.4779815673828125,0
104,[27],56,0.08383331447839737,1
104,[27],57,0.07674475014209747,1
104,[27],58,0.03675609081983566,1
104,[27],59,0.5701311230659485,0
105,[5],0,0.2799654006958008,0
105,[5],1,0.18576033413410187,0
105,[5],2,0.09488850086927414,1
105,[5],3,0.09114908427000046,1
105,[5],4,0.19827981293201447,1
105,[5],6,0.427901953458786,0
105,[5],7,0.19817835092544556,1
105,[5],8,0.06449113041162491,1
105,[5],9,0.2383764237165451,0
105,[5],10,0.2940669059753418,0
105,[5],11,0.10285113751888275,1
105,[5],12,0.12908263504505157,1
105,[5],13,0.21192629635334015,1
105,[5],14,0.1776743233203888,1
105,[5],15,0.12995365262031555,1
105,[5],16,0.19283223152160645,1
105,[5],17,0.19561271369457245,1
105,[5],18,0.1884576380252838,1
105,[5],19,0.10629862546920776,1
105,[5],20,0.23600980639457703,0
105,[5],21,0.37787023186683655,0
105,[5],22,0.3076951801776886,0
105,[5],23,0.7320541143417358,0
105,[5],24,0.11098586022853851,1
105,[5],25,0.11222171783447266,1
105,[5],26,0.2638722360134125,1
105,[5],27,0.11078646779060364,1
105,[5],28,0.3320651650428772,0
105,[5],29,0.09135694056749344,1
105,[5],30,0.23632948100566864,0
105,[5],31,0.2986603081226349,0
105,[5],32,0.29994872212409973,0
105,[5],33,0.3149794340133667,0
105,[5],34,0.14433492720127106,0
105,[5],35,0.17852051556110382,0
105,[5],36,0.13820675015449524,1
105,[5],37,0.16712619364261627,0
105,[5],38,0.42203155159950256,0
105,[5],39,0.32524240016937256,0
105,[5],40,0.2609238624572754,0
105,[5],41,0.19985431432724,0
105,[5],42,0.13980485498905182,1
105,[5],43,0.23279698193073273,1
105,[5],44,0.13111229240894318,1
105,[5],45,0.1449022889137268,1
105,[5],46,0.43525969982147217,0
105,[5],47,0.19129876792430878,0
105,[5],48,0.16934576630592346,0
105,[5],49,0.09354695677757263,1
105,[5],50,0.3717350661754608,0
105,[5],51,0.43124303221702576,0
105,[5],52,0.12438075244426727,1
105,[5],53,0.09308964014053345,1
105,[5],54,0.07666072994470596,1
105,[5],55,0.11699696630239487,1
105,[5],56,0.2765594720840454,0
105,[5],57,0.22675228118896484,1
105,[5],58,0.06860032677650452,1
105,[5],59,0.3882518708705902,0
106,[55],0,0.1563868373632431,1
106,[55],1,0.27758991718292236,0
106,[55],2,0.1537518948316574,1
106,[55],3,0.11668425053358078,1
106,[55],4,0.17925938963890076,0
106,[55],5,0.10645359009504318,0
106,[55],6,0.4245261549949646,0
106,[55],7,0.31815144419670105,0
106,[55],8,0.12217728048563004,1
106,[55],9,0.25288063287734985,0
106,[55],10,0.1775715947151184,0
106,[55],11,0.12090452760457993,1
106,[55],12,0.12732942402362823,1
106,[55],13,0.34412750601768494,0
106,[55],14,0.11483311653137207,1
106,[55],15,0.13619816303253174,1
106,[55],16,0.21882185339927673,1
106,[55],17,0.2114611268043518,1
106,[55],18,0.19446295499801636,1
106,[55],19,0.11675325781106949,1
106,[55],20,0.16502857208251953,1
106,[55],21,0.2938675284385681,0
106,[55],22,0.17740163207054138,1
106,[55],23,0.7283260226249695,0
106,[55],24,0.10894516855478287,1
106,[55],25,0.09045456349849701,1
106,[55],26,0.2099086046218872,1
106,[55],27,0.09735366702079773,1
106,[55],28,0.3810894191265106,0
106,[55],29,0.07477609813213348,1
106,[55],30,0.20720379054546356,1
106,[55],31,0.22870489954948425,0
106,[55],32,0.22447821497917175,0
106,[55],33,0.2278500646352768,0
106,[55],34,0.21670414507389069,0
106,[55],35,0.2087509036064148,0
106,[55],36,0.293485164642334,0
106,[55],37,0.15569421648979187,0
106,[55],38,0.35128915309906006,0
106,[55],39,0.3880137801170349,0
106,[55],40,0.2534826099872589,0
106,[55],41,0.1885858178138733,1
106,[55],42,0.13930584490299225,1
106,[55],43,0.1462751179933548,1
106,[55],44,0.18629056215286255,1
106,[55],45,0.19687949120998383,0
106,[55],46,0.43798840045928955,0
106,[55],47,0.17266711592674255,1
106,[55],48,0.1459421068429947,1
106,[55],49,0.11788981407880783,1
106,[55],50,0.35829710960388184,0
106,[55],51,0.3781936764717102,0
106,[55],52,0.13359960913658142,1
106,[55],53,0.110369972884655,1
106,[55],54,0.11091369390487671,1
106,[55],56,0.14667975902557373,1
106,[55],57,0.09980164468288422,1
106,[55],58,0.0596708282828331,1
106,[55],59,0.45322859287261963,0
107,[39],0,0.2705056667327881,0
107,[39],1,0.2934028208255768,0
107,[39],2,0.24384115636348724,1
107,[39],3,0.13411101698875427,1
107,[39],4,0.22333501279354095,1
107,[39],5,0.10771369934082031,1
107,[39],6,0.6547280550003052,0
107,[39],7,0.49844932556152344,0
107,[39],8,0.16745169460773468,1
107,[39],9,0.3345695436000824,0
107,[39],10,0.40280279517173767,0
107,[39],11,0.17685720324516296,1
107,[39],12,0.16730819642543793,1
107,[39],13,0.5395890474319458,0
107,[39],14,0.3328917324542999,1
107,[39],15,0.166185662150383,1
107,[39],16,0.40409767627716064,0
107,[39],17,0.34979620575904846,1
107,[39],18,0.3813268840312958,1
107,[39],19,0.23270243406295776,1
107,[39],20,0.40482741594314575,0
107,[39],21,0.8304258584976196,0
107,[39],22,0.39002054929733276,1
107,[39],23,1.1436923742294312,0
107,[39],24,0.20943398773670197,1
107,[39],25,0.18470188975334167,1
107,[39],26,0.37759652733802795,1
107,[39],27,0.14331920444965363,1
107,[39],28,0.5461599230766296,0
107,[39],29,0.26234981417655945,1
107,[39],30,0.3105080723762512,1
107,[39],31,0.443548321723938,0
107,[39],32,0.4117964804172516,0
107,[39],33,0.4489545226097107,0
107,[39],34,0.2926430106163025,0
107,[39],35,0.37109214067459106,0
107,[39],36,0.2973816990852356,0
107,[39],37,0.19042685627937317,1
107,[39],38,0.3847750425338745,0
107,[39],40,0.431673526763916,0
107,[39],41,0.25902730226516724,0
107,[39],42,0.22117185592651367,1
107,[39],43,0.2198966145515442,1
107,[39],44,0.21336184442043304,1
107,[39],45,0.21803855895996094,1
107,[39],46,0.5545110106468201,0
107,[39],47,0.22641979157924652,0
107,[39],48,0.266563355922699,0
107,[39],49,0.16648079454898834,1
107,[39],50,0.4317607879638672,0
107,[39],51,0.4358467161655426,0
107,[39],52,0.17680010199546814,1
107,[39],53,0.1358575075864792,1
107,[39],54,0.20104962587356567,1
107,[39],55,0.36032992601394653,0
107,[39],56,0.37897899746894836,0
107,[39],57,0.35409975051879883,1
107,[39],58,0.10738825052976608,1
107,[39],59,0.6859602928161621,0
108,[27],0,0.29350465536117554,0
108,[27],1,0.3910829722881317,0
108,[27],2,0.18393832445144653,0
108,[27],3,0.07678412646055222,1
108,[27],4,0.19582848250865936,0
108,[27],5,0.06883957982063293,1
108,[27],6,0.4230835735797882,0
108,[27],7,0.4451979696750641,0
108,[27],8,0.04903915524482727,1
108,[27],9,0.20887497067451477,1
108,[27],10,0.11844715476036072,0
108,[27],11,0.1906358152627945,0
108,[27],12,0.15210546553134918,1
108,[27],13,0.41509151458740234,0
108,[27],14,0.1259346753358841,1
108,[27],15,0.18349534273147583,0
108,[27],16,0.21444207429885864,0
108,[27],17,0.16563725471496582,1
108,[27],18,0.16382147371768951,1
108,[27],19,0.23442848026752472,0
108,[27],20,0.12089098244905472,1
108,[27],21,0.4449004828929901,0
108,[27],22,0.08027336746454239,1
108,[27],23,0.7910099029541016,0
108,[27],24,0.09844878315925598,1
108,[27],25,0.11675350368022919,1
108,[27],26,0.13470664620399475,1
108,[27],28,0.3678991496562958,0
108,[27],29,0.04472339525818825,1
108,[27],30,0.19177325069904327,0
108,[27],31,0.17462891340255737,0
108,[27],32,0.17881329357624054,0
108,[27],33,0.17940057814121246,0
108,[27],34,0.17675088346004486,0
108,[27],35,0.2553136646747589,0
108,[27],36,0.14863555133342743,0
108,[27],37,0.19773851335048676,0
108,[27],38,0.12732136249542236,0
108,[27],39,0.48979663848876953,0
108,[27],40,0.13773244619369507,1
108,[27],41,0.15644747018814087,1
108,[27],42,0.10239657759666443,1
108,[27],43,0.19837449491024017,0
108,[27],44,0.17507554590702057,1
108,[27],45,0.2451568990945816,0
108,[27],46,0.40512728691101074,0
108,[27],47,0.09191744774580002,1
108,[27],48,0.17606477439403534,1
108,[27],49,0.044050123542547226,1
108,[27],50,0.25050127506256104,1
108,[27],51,0.22442473471164703,1
108,[27],52,0.08605446666479111,1
108,[27],53,0.074588343501091,1
108,[27],54,0.10142689943313599,1
108,[27],55,0.4779815673828125,0
108,[27],56,0.08383331447839737,1
108,[27],57,0.07674475014209747,1
108,[27],58,0.03675609081983566,1
108,[27],59,0.5701311230659485,0
109,[58],0,0.27547726035118103,0
109,[58],1,0.35182327032089233,0
109,[58],2,0.1998751163482666,0
109,[58],3,0.09112463891506195,1
109,[58],4,0.23379485309123993,1
109,[58],5,0.06847385317087173,1
109,[58],6,0.4815584719181061,0
109,[58],7,0.4600955843925476,0
109,[58],8,0.05203000456094742,1
109,[58],9,0.5656949281692505,0
109,[58],10,0.26157277822494507,0
109,[58],11,0.12476397305727005,1
109,[58],12,0.12031734734773636,1
109,[58],13,0.4304470121860504,0
109,[58],14,0.2863353192806244,1
109,[58],15,0.08640236407518387,1
109,[58],16,0.20866622030735016,0
109,[58],17,0.22285018861293793,1
109,[58],18,0.22356519103050232,1
109,[58],19,0.17044660449028015,1
109,[58],20,0.23148243129253387,0
109,[58],21,0.7080553770065308,0
109,[58],22,0.27701616287231445,0
109,[58],23,0.9031394720077515,0
109,[58],24,0.1699400097131729,1
109,[58],25,0.17676229774951935,1
109,[58],26,0.3493160605430603,1
109,[58],27,0.07775217294692993,1
109,[58],28,0.36803463101387024,0
109,[58],29,0.1642255038022995,1
109,[58],30,0.20807082951068878,1
109,[58],31,0.27519690990448,0
109,[58],32,0.21550552546977997,0
109,[58],33,0.2660248279571533,0
109,[58],34,0.15273568034172058,1
109,[58],35,0.3010390102863312,0
109,[58],36,0.13922682404518127,1
109,[58],37,0.16864322125911713,1
109,[58],38,0.19620531797409058,0
109,[58],39,0.2995137572288513,0
109,[58],40,0.30305781960487366,0
109,[58],41,0.1525692343711853,1
109,[58],42,0.13650107383728027,1
109,[58],43,0.09705382585525513,1
109,[58],44,0.20622119307518005,1
109,[58],45,0.21102029085159302,0
109,[58],46,0.30458927154541016,0
109,[58],47,0.20753031969070435,0
109,[58],48,0.15315477550029755,1
109,[58],49,0.14184363186359406,1
109,[58],50,0.43813085556030273,0
109,[58],51,0.49226322770118713,0
109,[58],52,0.15077903866767883,1
109,[58],53,0.11610249429941177,1
109,[58],54,0.1372966468334198,1
109,[58],55,0.32593610882759094,0
109,[58],56,0.1958625316619873,1
109,[58],57,0.22261622548103333,1
109,[58],59,0.25800472497940063,1
110,[8],0,0.17855514585971832,1
110,[8],1,0.1873830109834671,1
110,[8],2,0.08458299189805984,1
110,[8],3,0.0902840718626976,1
110,[8],4,0.1479114592075348,1
110,[8],5,0.04685910418629646,1
110,[8],6,0.6166874170303345,0
110,[8],7,0.18560996651649475,1
110,[8],9,0.2505709230899811,1
110,[8],10,0.14504989981651306,1
110,[8],11,0.07769720256328583,1
110,[8],12,0.10135358572006226,1
110,[8],13,0.15233969688415527,1
110,[8],14,0.07514350116252899,1
110,[8],15,0.09147894382476807,1
110,[8],16,0.1865316927433014,1
110,[8],17,0.14774268865585327,1
110,[8],18,0.14663590490818024,1
110,[8],19,0.1378520280122757,1
110,[8],20,0.1973978728055954,1
110,[8],21,0.34075626730918884,0
110,[8],22,0.2687596082687378,1
110,[8],23,0.8259626030921936,0
110,[8],24,0.07980111241340637,1
110,[8],25,0.09069733321666718,1
110,[8],26,0.18951568007469177,1
110,[8],27,0.05515284091234207,1
110,[8],28,0.31738296151161194,0
110,[8],29,0.08482328057289124,1
110,[8],30,0.24342083930969238,0
110,[8],31,0.20469912886619568,0
110,[8],32,0.22901374101638794,0
110,[8],33,0.21266043186187744,0
110,[8],34,0.2721894085407257,0
110,[8],35,0.14932705461978912,1
110,[8],36,0.1428133249282837,1
110,[8],37,0.21333809196949005,0
110,[8],38,0.13388265669345856,1
110,[8],39,0.32653453946113586,0
110,[8],40,0.2648751139640808,0
110,[8],41,0.127403125166893,1
110,[8],42,0.07189486920833588,1
110,[8],43,0.12509088218212128,1
110,[8],44,0.09903767704963684,1
110,[8],45,0.10556945204734802,1
110,[8],46,0.4100779592990875,0
110,[8],47,0.09159927070140839,1
110,[8],48,0.22193412482738495,0
110,[8],49,0.08095929026603699,1
110,[8],50,0.3708028495311737,0
110,[8],51,0.36490240693092346,1
110,[8],52,0.1307440549135208,1
110,[8],53,0.09394348412752151,1
110,[8],54,0.10532766580581665,1
110,[8],55,0.1247054934501648,1
110,[8],56,0.08567845821380615,1
110,[8],57,0.17367923259735107,1
110,[8],58,0.038692768663167953,1
110,[8],59,0.499727725982666,0
111,[47],0,0.2847587466239929,0
111,[47],1,0.5415214896202087,0
111,[47],2,0.3349161148071289,0
111,[47],3,0.19495418667793274,1
111,[47],4,0.2931622862815857,1
111,[47],5,0.17271825671195984,0
111,[47],6,0.9653635025024414,0
111,[47],7,0.4826662838459015,0
111,[47],8,0.18433332443237305,1
111,[47],9,0.38990873098373413,0
111,[47],10,0.28776320815086365,0
111,[47],11,0.133510559797287,1
111,[47],12,0.1751806139945984,1
111,[47],13,0.6170739531517029,0
111,[47],14,0.26805633306503296,1
111,[47],15,0.1633371263742447,1
111,[47],16,0.5535233020782471,0
111,[47],17,0.6085054874420166,0
111,[47],18,0.6367543935775757,0
111,[47],19,0.24396753311157227,0
111,[47],20,0.5419134497642517,0
111,[47],21,1.4734104871749878,0
111,[47],22,0.4698171019554138,1
111,[47],23,0.9706777334213257,0
111,[47],24,0.3208145499229431,0
111,[47],25,0.24110260605812073,0
111,[47],26,0.6084547638893127,1
111,[47],27,0.08279957622289658,1
111,[47],28,0.4632885158061981,0
111,[47],29,0.1763605922460556,1
111,[47],30,0.2276930809020996,1
111,[47],31,0.2894219160079956,0
111,[47],32,0.31171655654907227,0
111,[47],33,0.33825719356536865,0
111,[47],34,0.2785852253437042,0
111,[47],35,0.5087754130363464,0
111,[47],36,0.27730631828308105,0
111,[47],37,0.2388290911912918,0
111,[47],38,0.3681541681289673,0
111,[47],39,0.45907920598983765,0
111,[47],40,0.15018871426582336,1
111,[47],41,0.22609637677669525,1
111,[47],42,0.20242543518543243,1
111,[47],43,0.19960808753967285,1
111,[47],44,0.37069419026374817,0
111,[47],45,0.28195908665657043,0
111,[47],46,0.5415729284286499,0
111,[47],48,0.04870184138417244,1
111,[47],49,0.11696890741586685,1
111,[47],50,0.38720592856407166,1
111,[47],51,0.345819890499115,0
111,[47],52,0.18418961763381958,1
111,[47],53,0.16356389224529266,1
111,[47],54,0.20356759428977966,0
111,[47],55,0.52782142162323,0
111,[47],56,0.5163838267326355,0
111,[47],57,0.13175393640995026,1
111,[47],58,0.10143318772315979,1
111,[47],59,0.7167876958847046,0
112,[34],0,0.36257094144821167,0
112,[34],1,0.6189292669296265,0
112,[34],2,0.37068378925323486,0
112,[34],3,0.15012624859809875,0
112,[34],4,0.281085729598999,0
112,[34],5,0.11791165918111801,1
112,[34],6,0.3618777394294739,0
112,[34],7,0.6005351543426514,0
112,[34],8,0.1525591015815735,1
112,[34],9,0.39574384689331055,0
112,[34],10,0.1591358482837677,0
112,[34],11,0.1303410530090332,1
112,[34],12,0.16098642349243164,1
112,[34],13,0.5913802981376648,0
112,[34],14,0.19075195491313934,0
112,[34],15,0.20647777616977692,0
112,[34],16,0.49555981159210205,0
112,[34],17,0.4528009295463562,0
112,[34],18,0.4635758399963379,0
112,[34],19,0.2864209711551666,0
112,[34],20,0.30452704429626465,0
112,[34],21,0.5960351824760437,0
112,[34],22,0.3298647403717041,1
112,[34],23,0.650549590587616,0
112,[34],24,0.20023134350776672,0
112,[34],25,0.2268204689025879,0
112,[34],26,0.3186110854148865,1
112,[34],27,0.056604571640491486,1
112,[34],28,0.4518378674983978,0
112,[34],29,0.08937680721282959,1
112,[34],30,0.2148466557264328,1
112,[34],31,0.306490957736969,0
112,[34],32,0.3144339323043823,0
112,[34],33,0.29551395773887634,0
112,[34],35,0.32503557205200195,0
112,[34],36,0.2389981746673584,0
112,[34],37,0.16304846107959747,1
112,[34],38,0.26446810364723206,0
112,[34],39,0.3580414354801178,0
112,[34],40,0.11328397691249847,1
112,[34],41,0.22539697587490082,0
112,[34],42,0.20139433443546295,0
112,[34],43,0.2535274028778076,0
112,[34],44,0.3371163010597229,1
112,[34],45,0.26161038875579834,0
112,[34],46,0.3462313711643219,0
112,[34],47,0.2034817934036255,1
112,[34],48,0.06623150408267975,1
112,[34],49,0.06081987917423248,1
112,[34],50,0.22301538288593292,1
112,[34],51,0.2665341794490814,1
112,[34],52,0.17575785517692566,0
112,[34],53,0.13090534508228302,1
112,[34],54,0.1424865424633026,1
112,[34],55,0.4661111831665039,0
112,[34],56,0.34932613372802734,0
112,[34],57,0.10424195975065231,1
112,[34],58,0.07201551645994186,1
112,[34],59,0.36518529057502747,0
113,[26],0,0.5308109521865845,0
113,[26],1,0.7419077754020691,0
113,[26],2,0.4212934076786041,0
113,[26],3,0.08984112739562988,0
113,[26],4,0.36506712436676025,0
113,[26],5,0.13710331916809082,0
113,[26],6,1.0436469316482544,0
113,[26],7,0.7036464214324951,0
113,[26],8,0.17230138182640076,1
113,[26],9,0.42701274156570435,0
113,[26],10,0.3806825280189514,0
113,[26],11,0.1989462673664093,1
113,[26],12,0.2151205986738205,0
113,[26],13,0.5544132590293884,0
113,[26],14,0.38919010758399963,0
113,[26],15,0.30192652344703674,0
113,[26],16,0.2684975266456604,0
113,[26],17,0.24880002439022064,1
113,[26],18,0.25028422474861145,1
113,[26],19,0.3810763657093048,0
113,[26],20,0.10876841843128204,1
113,[26],21,0.5420799255371094,0
113,[26],22,0.2857665419578552,0
113,[26],23,0.5002631545066833,0
113,[26],24,0.21578434109687805,0
113,[26],25,0.20406801998615265,0
113,[26],27,0.09697085618972778,1
113,[26],28,0.5143387913703918,0
113,[26],29,0.12363403290510178,1
113,[26],30,0.2909550964832306,0
113,[26],31,0.34112709760665894,0
113,[26],32,0.3126433789730072,0
113,[26],33,0.3303166925907135,0
113,[26],34,0.2749086320400238,0
113,[26],35,0.4441269040107727,0
113,[26],36,0.4544273912906647,0
113,[26],37,0.3268797993659973,0
113,[26],38,0.40092623233795166,0
113,[26],39,0.6754433512687683,0
113,[26],40,0.10371509194374084,1
113,[26],41,0.33475348353385925,0
113,[26],42,0.2977224290370941,0
113,[26],43,0.22549617290496826,0
113,[26],44,0.3231647312641144,0
113,[26],45,0.4308274984359741,0
113,[26],46,0.8334264755249023,0
113,[26],47,0.061150021851062775,1
113,[26],48,0.12065104395151138,1
113,[26],49,0.050161343067884445,1
113,[26],50,0.3503994643688202,1
113,[26],51,0.3088948428630829,1
113,[26],52,0.10606434941291809,1
113,[26],53,0.09427253901958466,1
113,[26],54,0.36216065287590027,0
113,[26],55,0.6229345798492432,0
113,[26],56,0.46080994606018066,0
113,[26],57,0.06807085871696472,1
113,[26],58,0.19726061820983887,0
113,[26],59,1.1833059787750244,0
114,[22],0,0.3173723816871643,0
114,[22],1,0.4996326267719269,0
114,[22],2,0.22845280170440674,0
114,[22],3,0.07132694125175476,1
114,[22],4,0.20134864747524261,0
114,[22],5,0.0972185954451561,1
114,[22],6,0.4410628378391266,0
114,[22],7,0.38787841796875,0
114,[22],8,0.09607323259115219,1
114,[22],9,0.18980571627616882,1
114,[22],10,0.20442526042461395,0
114,[22],11,0.2126760184764862,0
114,[22],12,0.1827014833688736,0
114,[22],13,0.5291052460670471,0
114,[22],14,0.12099170684814453,1
114,[22],15,0.09687881916761398,1
114,[22],16,0.13237285614013672,1
114,[22],17,0.10041475296020508,1
114,[22],18,0.10881894081830978,1
114,[22],19,0.31158769130706787,0
114,[22],20,0.14787615835666656,1
114,[22],21,0.5119368433952332,0
114,[22],23,0.7758550047874451,0
114,[22],24,0.0839342325925827,1
114,[22],25,0.06020113080739975,1
114,[22],26,0.18151363730430603,1
114,[22],27,0.043053098022937775,1
114,[22],28,0.3728119134902954,0
114,[22],29,0.07484238594770432,1
114,[22],30,0.1357267051935196,1
114,[22],31,0.10839680582284927,1
114,[22],32,0.1134009063243866,1
114,[22],33,0.11701309680938721,1
114,[22],34,0.18351204693317413,0
114,[22],35,0.29430559277534485,0
114,[22],36,0.3135386109352112,0
114,[22],37,0.22299988567829132,0
114,[22],38,0.2611563205718994,0
114,[22],39,0.402810662984848,0
114,[22],40,0.25888511538505554,1
114,[22],41,0.190993532538414,1
114,[22],42,0.15325844287872314,1
114,[22],43,0.13540303707122803,1
114,[22],44,0.09115605056285858,1
114,[22],45,0.3325650990009308,0
114,[22],46,0.4610425531864166,0
114,[22],47,0.09187331795692444,1
114,[22],48,0.16347889602184296,1
114,[22],49,0.07943712174892426,1
114,[22],50,0.2898675501346588,0
114,[22],51,0.25504592061042786,1
114,[22],52,0.126947820186615,1
114,[22],53,0.09859617054462433,1
114,[22],54,0.26342564821243286,1
114,[22],55,0.3055170774459839,0
114,[22],56,0.17028872668743134,1
114,[22],57,0.17569011449813843,1
114,[22],58,0.0512242317199707,1
114,[22],59,0.6413214206695557,0
115,[15],0,0.36243629455566406,0
115,[15],1,0.5195592045783997,0
115,[15],2,0.3190597593784332,0
115,[15],3,0.1437975913286209,1
115,[15],4,0.2445012480020523,1
115,[15],5,0.1270410120487213,1
115,[15],6,0.7270221710205078,0
115,[15],7,0.4341074824333191,0
115,[15],8,0.21506379544734955,1
115,[15],9,0.4718700349330902,0
115,[15],10,0.3030579686164856,0
115,[15],11,0.25263646245002747,1
115,[15],12,0.2032260149717331,1
115,[15],13,0.5590405464172363,0
115,[15],14,0.47793203592300415,1
115,[15],16,0.30483004450798035,0
115,[15],17,0.2948194742202759,1
115,[15],18,0.31679433584213257,1
115,[15],19,0.305772602558136,1
115,[15],20,0.27998635172843933,1
115,[15],21,0.6485275626182556,0
115,[15],22,0.3884091377258301,0
115,[15],23,0.7512004971504211,0
115,[15],24,0.2317163050174713,1
115,[15],25,0.22995927929878235,1
115,[15],26,0.33630532026290894,1
115,[15],27,0.09602590650320053,1
115,[15],28,0.4299263060092926,0
115,[15],29,0.24094156920909882,1
115,[15],30,0.19912785291671753,1
115,[15],31,0.2744942009449005,0
115,[15],32,0.23934507369995117,0
115,[15],33,0.2750505208969116,0
115,[15],34,0.19340340793132782,1
115,[15],35,0.2676358222961426,0
115,[15],36,0.35475796461105347,0
115,[15],37,0.26272913813591003,1
115,[15],38,0.3827526271343231,0
115,[15],39,0.4311964809894562,0
115,[15],40,0.32179024815559387,0
115,[15],41,0.2353600561618805,1
115,[15],42,0.18443715572357178,1
115,[15],43,0.19101591408252716,1
115,[15],44,0.28144797682762146,1
115,[15],45,0.27758464217185974,0
115,[15],46,0.6477987170219421,0
115,[15],47,0.2343352884054184,0
115,[15],48,0.2054463028907776,1
115,[15],49,0.23982346057891846,1
115,[15],50,0.4838677644729614,1
115,[15],51,0.4784049987792969,1
115,[15],52,0.27848726511001587,1
115,[15],53,0.22967678308486938,1
115,[15],54,0.1985377073287964,1
115,[15],55,0.37579965591430664,0
115,[15],56,0.3137860596179962,1
115,[15],57,0.19748824834823608,1
115,[15],58,0.10420413315296173,1
115,[15],59,0.583328366279602,0
116,[2],0,0.12090460956096649,1
116,[2],1,0.0603177547454834,1
116,[2],3,0.0816531851887703,1
116,[2],4,0.1757815182209015,1
116,[2],5,0.07356572896242142,1
116,[2],6,0.4695375859737396,0
116,[2],7,0.19424410164356232,0
116,[2],8,0.05868224427103996,1
116,[2],9,0.26670974493026733,1
116,[2],10,0.3312312364578247,0
116,[2],11,0.12270146608352661,1
116,[2],12,0.16742204129695892,1
116,[2],13,0.3125784397125244,0
116,[2],14,0.12152456492185593,1
116,[2],15,0.0913008376955986,1
116,[2],16,0.28561070561408997,0
116,[2],17,0.2734096050262451,1
116,[2],18,0.26991701126098633,1
116,[2],19,0.18401439487934113,1
116,[2],20,0.22929994761943817,0
116,[2],21,0.6876507997512817,0
116,[2],22,0.3262975811958313,0
116,[2],23,0.9509176015853882,0
116,[2],24,0.14329728484153748,1
116,[2],25,0.14372465014457703,0
116,[2],26,0.2631942331790924,1
116,[2],27,0.10031961649656296,1
116,[2],28,0.310028612613678,0
116,[2],29,0.13854965567588806,1
116,[2],30,0.26666852831840515,0
116,[2],31,0.255778044462204,0
116,[2],32,0.24350492656230927,0
116,[2],33,0.24903443455696106,0
116,[2],34,0.29780423641204834,0
116,[2],35,0.18401403725147247,1
116,[2],36,0.19094669818878174,0
116,[2],37,0.18849237263202667,0
116,[2],38,0.26366889476776123,0
116,[2],39,0.3338701128959656,0
116,[2],40,0.4537297189235687,0
116,[2],41,0.19759997725486755,0
116,[2],42,0.16190211474895477,1
116,[2],43,0.18433833122253418,1
116,[2],44,0.14148615300655365,1
116,[2],45,0.09420383721590042,1
116,[2],46,0.6290587782859802,0
116,[2],47,0.19564786553382874,0
116,[2],48,0.2648940980434418,0
116,[2],49,0.11616940796375275,1
116,[2],50,0.5689238905906677,0
116,[2],51,0.6048784852027893,0
116,[2],52,0.11125876009464264,1
116,[2],53,0.09025317430496216,1
116,[2],54,0.13531357049942017,1
116,[2],55,0.15545418858528137,1
116,[2],56,0.19684867560863495,1
116,[2],57,0.26471561193466187,1
116,[2],58,0.09040476381778717,1
116,[2],59,0.48061665892601013,0
117,[10],0,0.4124564230442047,0
117,[10],1,0.562204122543335,0
117,[10],2,0.23221455514431,0
117,[10],3,0.1574973464012146,1
117,[10],4,0.27218666672706604,0
117,[10],5,0.09718690067529678,1
117,[10],6,0.5728731751441956,0
117,[10],7,0.517031729221344,0
117,[10],8,0.09071392565965652,1
117,[10],9,0.23492732644081116,0
117,[10],11,0.09904750436544418,1
117,[10],12,0.14710307121276855,1
117,[10],13,0.48665475845336914,0
117,[10],14,0.14294923841953278,1
117,[10],15,0.10286710411310196,1
117,[10],16,0.2517302930355072,0
117,[10],17,0.2300846427679062,1
117,[10],18,0.24176257848739624,1
117,[10],19,0.1901266723871231,1
117,[10],20,0.18849828839302063,0
117,[10],21,0.6883378028869629,0
117,[10],22,0.1617685854434967,1
117,[10],23,0.5926545262336731,0
117,[10],24,0.12670859694480896,1
117,[10],25,0.1851641982793808,0
117,[10],26,0.27343103289604187,1
117,[10],27,0.06022530421614647,1
117,[10],28,0.331830233335495,0
117,[10],29,0.12262360751628876,1
117,[10],30,0.20476675033569336,1
117,[10],31,0.13684947788715363,1
117,[10],32,0.13518235087394714,1
117,[10],33,0.14700013399124146,1
117,[10],34,0.12233354151248932,1
117,[10],35,0.3854415714740753,0
117,[10],36,0.11090360581874847,1
117,[10],37,0.163218155503273,0
117,[10],38,0.14603368937969208,0
117,[10],39,0.5304954648017883,0
117,[10],40,0.18508955836296082,1
117,[10],41,0.18339820206165314,1
117,[10],42,0.13842390477657318,1
117,[10],43,0.22788675129413605,0
117,[10],44,0.25348734855651855,1
117,[10],45,0.17517606914043427,0
117,[10],46,0.2738220691680908,0
117,[10],47,0.08666680008172989,1
117,[10],48,0.07774737477302551,1
117,[10],49,0.08730531483888626,1
117,[10],50,0.29924818873405457,0
117,[10],51,0.31157568097114563,0
117,[10],52,0.11162673681974411,1
117,[10],53,0.09104602038860321,1
117,[10],54,0.1457287222146988,1
117,[10],55,0.5049088001251221,0
117,[10],56,0.2977989614009857,0
117,[10],57,0.12482728064060211,1
117,[10],58,0.060284022241830826,1
117,[10],59,0.6327233910560608,0
118,[17],0,0.22803835570812225,0
118,[17],1,0.31238681077957153,0
118,[17],2,0.15737421810626984,1
118,[17],3,0.0743824914097786,1
118,[17],4,0.15333765745162964,1
118,[17],5,0.043994173407554626,1
118,[17],6,0.46631836891174316,0
118,[17],7,0.2732987701892853,0
118,[17],8,0.06827256083488464,1
118,[17],9,0.2694842219352722,1
118,[17],10,0.17840951681137085,0
118,[17],11,0.11763814836740494,1
118,[17],12,0.11539734154939651,1
118,[17],13,0.2777668535709381,0
118,[17],14,0.1341126561164856,1
118,[17],15,0.11186961084604263,1
118,[17],16,0.0785057470202446,1
118,[17],18,0.025993965566158295,1
118,[17],19,0.15035392343997955,1
118,[17],20,0.35703420639038086,0
118,[17],21,0.3961593210697174,0
118,[17],22,0.23397989571094513,1
118,[17],23,0.6877893209457397,0
118,[17],24,0.12007014453411102,1
118,[17],25,0.11215323209762573,1
118,[17],26,0.3434639573097229,0
118,[17],27,0.1826775223016739,0
118,[17],28,0.35746097564697266,0
118,[17],29,0.0703137218952179,1
118,[17],30,0.2349981814622879,1
118,[17],31,0.2520584762096405,0
118,[17],32,0.24695247411727905,0
118,[17],33,0.26168298721313477,0
118,[17],34,0.21115098893642426,1
118,[17],35,0.23394712805747986,0
118,[17],36,0.21750521659851074,0
118,[17],37,0.18645745515823364,1
118,[17],38,0.3082571029663086,0
118,[17],39,0.36619865894317627,0
118,[17],40,0.2784280478954315,0
118,[17],41,0.2075338512659073,1
118,[17],42,0.15134046971797943,1
118,[17],43,0.19003266096115112,1
118,[17],44,0.15108329057693481,1
118,[17],45,0.16344855725765228,1
118,[17],46,0.5181121230125427,0
118,[17],47,0.16105836629867554,1
118,[17],48,0.1927461475133896,0
118,[17],49,0.1114489883184433,1
118,[17],50,0.33083125948905945,0
118,[17],51,0.32797831296920776,1
118,[17],52,0.18188820779323578,1
118,[17],53,0.1453215330839157,1
118,[17],54,0.11902938783168793,1
118,[17],55,0.15493084490299225,1
118,[17],56,0.1623794287443161,1
118,[17],57,0.14655570685863495,1
118,[17],58,0.04751649871468544,1
118,[17],59,0.5446509718894958,0
119,[46],0,0.23656320571899414,0
119,[46],1,0.32401522994041443,0
119,[46],2,0.23871934413909912,0
119,[46],3,0.1286497712135315,1
119,[46],4,0.23418819904327393,1
119,[46],5,0.1322726607322693,1
119,[46],6,0.7269220352172852,0
119,[46],7,0.35067492723464966,0
119,[46],8,0.2142016738653183,1
119,[46],9,0.2662941813468933,1
119,[46],10,0.25214245915412903,0
119,[46],11,0.12442594021558762,1
119,[46],12,0.1320544332265854,1
119,[46],13,0.4466291069984436,0
119,[46],14,0.2654418647289276,1
119,[46],15,0.1452305167913437,1
119,[46],16,0.2926467955112457,0
119,[46],17,0.2884652018547058,1
119,[46],18,0.3049720823764801,1
119,[46],19,0.23142777383327484,1
119,[46],20,0.3592068552970886,0
119,[46],21,0.662124752998352,0
119,[46],22,0.4879623055458069,0
119,[46],23,0.8300600051879883,0
119,[46],24,0.19610582292079926,1
119,[46],25,0.1667003333568573,1
119,[46],26,0.35027021169662476,1
119,[46],27,0.16184236109256744,1
119,[46],28,0.422818660736084,0
119,[46],29,0.23263193666934967,1
119,[46],30,0.29287779331207275,1
119,[46],31,0.4043183922767639,0
119,[46],32,0.3573758900165558,0
119,[46],33,0.3938904404640198,0
119,[46],34,0.15843436121940613,1
119,[46],35,0.32493856549263,0
119,[46],36,0.22747711837291718,0
119,[46],37,0.20430895686149597,0
119,[46],38,0.27168819308280945,0
119,[46],39,0.3363788425922394,0
119,[46],40,0.3312491774559021,0
119,[46],41,0.19646571576595306,1
119,[46],42,0.15240462124347687,1
119,[46],43,0.2728452980518341,0
119,[46],44,0.2850690484046936,0
119,[46],45,0.22229868173599243,0
119,[46],47,0.1840171068906784,0
119,[46],48,0.1603780835866928,0
119,[46],49,0.19214046001434326,1
119,[46],50,0.4519423246383667,0
119,[46],51,0.4308272898197174,0
119,[46],52,0.22464264929294586,0
119,[46],53,0.18908895552158356,0
119,[46],54,0.15053141117095947,1
119,[46],55,0.42898112535476685,0
119,[46],56,0.34953710436820984,0
119,[46],57,0.19372132420539856,1
119,[46],58,0.09478133171796799,1
119,[46],59,0.3658841848373413,0
120,[55],0,0.1563868373632431,1
120,[55],1,0.27758991718292236,0
120,[55],2,0.1537518948316574,1
120,[55],3,0.11668425053358078,1
120,[55],4,0.17925938963890076,0
120,[55],5,0.10645359009504318,0
120,[55],6,0.4245261549949646,0
120,[55],7,0.31815144419670105,0
120,[55],8,0.12217728048563004,1
120,[55],9,0.25288063287734985,0
120,[55],10,0.1775715947151184,0
120,[55],11,0.12090452760457993,1
120,[55],12,0.12732942402362823,1
120,[55],13,0.34412750601768494,0
120,[55],14,0.11483311653137207,1
120,[55],15,0.13619816303253174,1
120,[55],16,0.21882185339927673,1
120,[55],17,0.2114611268043518,1
120,[55],18,0.19446295499801636,1
120,[55],19,0.11675325781106949,1
120,[55],20,0.16502857208251953,1
120,[55],21,0.2938675284385681,0
120,[55],22,0.17740163207054138,1
120,[55],23,0.7283260226249695,0
120,[55],24,0.10894516855478287,1
120,[55],25,0.09045456349849701,1
120,[55],26,0.2099086046218872,1
120,[55],27,0.09735366702079773,1
120,[55],28,0.3810894191265106,0
120,[55],29,0.07477609813213348,1
120,[55],30,0.20720379054546356,1
120,[55],31,0.22870489954948425,0
120,[55],32,0.22447821497917175,0
120,[55],33,0.2278500646352768,0
120,[55],34,0.21670414507389069,0
120,[55],35,0.2087509036064148,0
120,[55],36,0.293485164642334,0
120,[55],37,0.15569421648979187,0
120,[55],38,0.35128915309906006,0
120,[55],39,0.3880137801170349,0
120,[55],40,0.2534826099872589,0
120,[55],41,0.1885858178138733,1
120,[55],42,0.13930584490299225,1
120,[55],43,0.1462751179933548,1
120,[55],44,0.18629056215286255,1
120,[55],45,0.19687949120998383,0
120,[55],46,0.43798840045928955,0
120,[55],47,0.17266711592674255,1
120,[55],48,0.1459421068429947,1
120,[55],49,0.11788981407880783,1
120,[55],50,0.35829710960388184,0
120,[55],51,0.3781936764717102,0
120,[55],52,0.13359960913658142,1
120,[55],53,0.110369972884655,1
120,[55],54,0.11091369390487671,1
120,[55],56,0.14667975902557373,1
120,[55],57,0.09980164468288422,1
120,[55],58,0.0596708282828331,1
120,[55],59,0.45322859287261963,0
121,[37],0,0.27252084016799927,0
121,[37],1,0.28099048137664795,0
121,[37],2,0.15623611211776733,1
121,[37],3,0.17094360291957855,1
121,[37],4,0.14298102259635925,1
121,[37],5,0.09882903099060059,1
121,[37],6,0.18106837570667267,1
121,[37],7,0.28289249539375305,1
121,[37],8,0.1095820888876915,1
121,[37],9,0.4241354465484619,0
121,[37],10,0.2530863583087921,1
121,[37],11,0.08689817041158676,1
121,[37],12,0.10722297430038452,1
121,[37],13,0.4161403179168701,0
121,[37],14,0.25685927271842957,0
121,[37],15,0.2356879562139511,1
121,[37],16,0.4143035113811493,1
121,[37],17,0.38094136118888855,1
121,[37],18,0.39342060685157776,1
121,[37],19,0.18082194030284882,1
121,[37],20,0.4575759470462799,0
121,[37],21,0.3852865695953369,1
121,[37],22,0.30862000584602356,1
121,[37],23,0.6711145043373108,0
121,[37],24,0.16994647681713104,1
121,[37],25,0.1712464839220047,1
121,[37],26,0.4046122133731842,0
121,[37],27,0.1258115917444229,1
121,[37],28,0.40770021080970764,0
121,[37],29,0.25478395819664,1
121,[37],30,0.2828458249568939,1
121,[37],31,0.2938360571861267,0
121,[37],32,0.29592856764793396,0
121,[37],33,0.29671546816825867,0
121,[37],34,0.2503702640533447,0
121,[37],35,0.053950224071741104,1
121,[37],36,0.7540374994277954,0
121,[37],38,0.7332600355148315,0
121,[37],39,0.3663442134857178,0
121,[37],40,0.37341564893722534,0
121,[37],41,0.28124114871025085,0
121,[37],42,0.21784771978855133,1
121,[37],43,0.2635882794857025,0
121,[37],44,0.19391284883022308,1
121,[37],45,0.1630862057209015,1
121,[37],46,0.4482957124710083,0
121,[37],47,0.42808687686920166,0
121,[37],48,0.15377894043922424,1
121,[37],49,0.13432946801185608,1
121,[37],50,0.34124910831451416,0
121,[37],51,0.39221033453941345,0
121,[37],52,0.2230805903673172,1
121,[37],53,0.18533235788345337,1
121,[37],54,0.15513069927692413,1
121,[37],55,0.1650623083114624,1
121,[37],56,0.2074611634016037,1
121,[37],57,0.27822965383529663,1
121,[37],58,0.0825306698679924,1
121,[37],59,0.27737247943878174,0
122,[8],0,0.17855514585971832,1
122,[8],1,0.1873830109834671,1
122,[8],2,0.08458299189805984,1
122,[8],3,0.0902840718626976,1
122,[8],4,0.1479114592075348,1
122,[8],5,0.04685910418629646,1
122,[8],6,0.6166874170303345,0
122,[8],7,0.18560996651649475,1
122,[8],9,0.2505709230899811,1
122,[8],10,0.14504989981651306,1
122,[8],11,0.07769720256328583,1
122,[8],12,0.10135358572006226,1
122,[8],13,0.15233969688415527,1
122,[8],14,0.07514350116252899,1
122,[8],15,0.09147894382476807,1
122,[8],16,0.1865316927433014,1
122,[8],17,0.14774268865585327,1
122,[8],18,0.14663590490818024,1
122,[8],19,0.1378520280122757,1
122,[8],20,0.1973978728055954,1
122,[8],21,0.34075626730918884,0
122,[8],22,0.2687596082687378,1
122,[8],23,0.8259626030921936,0
122,[8],24,0.07980111241340637,1
122,[8],25,0.09069733321666718,1
122,[8],26,0.18951568007469177,1
122,[8],27,0.05515284091234207,1
122,[8],28,0.31738296151161194,0
122,[8],29,0.08482328057289124,1
122,[8],30,0.24342083930969238,0
122,[8],31,0.20469912886619568,0
122,[8],32,0.22901374101638794,0
122,[8],33,0.21266043186187744,0
122,[8],34,0.2721894085407257,0
122,[8],35,0.14932705461978912,1
122,[8],36,0.1428133249282837,1
122,[8],37,0.21333809196949005,0
122,[8],38,0.13388265669345856,1
122,[8],39,0.32653453946113586,0
122,[8],40,0.2648751139640808,0
122,[8],41,0.127403125166893,1
122,[8],42,0.07189486920833588,1
122,[8],43,0.12509088218212128,1
122,[8],44,0.09903767704963684,1
122,[8],45,0.10556945204734802,1
122,[8],46,0.4100779592990875,0
122,[8],47,0.09159927070140839,1
122,[8],48,0.22193412482738495,0
122,[8],49,0.08095929026603699,1
122,[8],50,0.3708028495311737,0
122,[8],51,0.36490240693092346,1
122,[8],52,0.1307440549135208,1
122,[8],53,0.09394348412752151,1
122,[8],54,0.10532766580581665,1
122,[8],55,0.1247054934501648,1
122,[8],56,0.08567845821380615,1
122,[8],57,0.17367923259735107,1
122,[8],58,0.038692768663167953,1
122,[8],59,0.499727725982666,0
123,[13],0,0.13609984517097473,1
123,[13],1,0.30253133177757263,0
123,[13],2,0.08889606595039368,1
123,[13],3,0.07155445218086243,1
123,[13],4,0.08695247024297714,1
123,[13],5,0.051028214395046234,1
123,[13],6,0.7080408334732056,0
123,[13],7,0.14389918744564056,1
123,[13],8,0.07113479822874069,1
123,[13],9,0.19719499349594116,1
123,[13],10,0.17902220785617828,1
123,[13],11,0.12923890352249146,1
123,[13],12,0.13229124248027802,1
123,[13],14,0.06858322769403458,1
123,[13],15,0.092959463596344,1
123,[13],16,0.21549907326698303,0
123,[13],17,0.20885489881038666,1
123,[13],18,0.23854507505893707,1
123,[13],19,0.1083437129855156,1
123,[13],20,0.22631803154945374,1
123,[13],21,0.30085963010787964,0
123,[13],22,0.24308589100837708,0
123,[13],23,0.7199448347091675,0
123,[13],24,0.11269631236791611,1
123,[13],25,0.11924608051776886,1
123,[13],26,0.23098406195640564,1
123,[13],27,0.12102041393518448,1
123,[13],28,0.27120882272720337,0
123,[13],29,0.08188609033823013,1
123,[13],30,0.2596231698989868,0
123,[13],31,0.2438916116952896,0
123,[13],32,0.283831924200058,0
123,[13],33,0.25761377811431885,0
123,[13],34,0.28343528509140015,0
123,[13],35,0.06348033994436264,1
123,[13],36,0.23768079280853271,0
123,[13],37,0.12726356089115143,1
123,[13],38,0.37643638253211975,0
123,[13],39,0.41611146926879883,0
123,[13],40,0.25478440523147583,1
123,[13],41,0.22119279205799103,1
123,[13],42,0.1626477688550949,1
123,[13],43,0.22234876453876495,0
123,[13],44,0.08542084693908691,1
123,[13],45,0.16890817880630493,1
123,[13],46,0.3923031985759735,0
123,[13],47,0.10252458602190018,1
123,[13],48,0.2144906222820282,0
123,[13],49,0.09858101606369019,1
123,[13],50,0.37626978754997253,0
123,[13],51,0.34683758020401,1
123,[13],52,0.13103839755058289,1
123,[13],53,0.11311288177967072,1
123,[13],54,0.108713798224926,1
123,[13],55,0.09295547753572464,1
123,[13],56,0.16851551830768585,0
123,[13],57,0.25291162729263306,1
123,[13],58,0.06884036958217621,1
123,[13],59,0.3496948182582855,0
124,[0],1,0.12724576890468597,1
124,[0],2,0.08062157779932022,1
124,[0],3,0.10743916034698486,1
124,[0],4,0.18089111149311066,1
124,[0],5,0.10485817492008209,1
124,[0],6,0.35098719596862793,0
124,[0],7,0.3462105095386505,0
124,[0],8,0.07688721269369125,1
124,[0],9,0.2872960567474365,1
124,[0],10,0.2734489142894745,0
124,[0],11,0.1430787295103073,1
124,[0],12,0.163992241024971,1
124,[0],13,0.40303927659988403,0
124,[0],14,0.1780928671360016,1
124,[0],15,0.19159150123596191,1
124,[0],16,0.3969447910785675,0
124,[0],17,0.3600693643093109,1
124,[0],18,0.35927700996398926,1
124,[0],19,0.22587156295776367,1
124,[0],20,0.2781807780265808,0
124,[0],21,0.5967238545417786,0
124,[0],22,0.348632276058197,0
124,[0],23,0.8559808731079102,0
124,[0],24,0.15938428044319153,1
124,[0],25,0.1788288652896881,1
124,[0],26,0.34193363785743713,1
124,[0],27,0.08256224542856216,1
124,[0],28,0.39038026332855225,0
124,[0],29,0.17808140814304352,1
124,[0],30,0.2927258312702179,0
124,[0],31,0.29724249243736267,0
124,[0],32,0.300720751285553,0
124,[0],33,0.3051619529724121,0
124,[0],34,0.27618804574012756,0
124,[0],35,0.27497127652168274,0
124,[0],36,0.22766956686973572,0
124,[0],37,0.14083896577358246,1
124,[0],38,0.30159834027290344,0
124,[0],39,0.33944371342658997,0
124,[0],40,0.4098118543624878,0
124,[0],41,0.23839135468006134,0
124,[0],42,0.15534035861492157,1
124,[0],43,0.2089518904685974,1
124,[0],44,0.21854902803897858,1
124,[0],45,0.16938120126724243,1
124,[0],46,0.6572883725166321,0
124,[0],47,0.18710799515247345,0
124,[0],48,0.26218706369400024,0
124,[0],49,0.12441078573465347,1
124,[0],50,0.4422694742679596,0
124,[0],51,0.4917786419391632,0
124,[0],52,0.14150117337703705,1
124,[0],53,0.11075595766305923,1
124,[0],54,0.16812755167484283,1
124,[0],55,0.31994473934173584,0
124,[0],56,0.2080088108778,1
124,[0],57,0.18983468413352966,1
124,[0],58,0.1070529893040657,1
124,[0],59,0.5659142136573792,0
125,[29],0,0.43780317902565,0
125,[29],1,0.5930648446083069,0
125,[29],2,0.3119306266307831,0
125,[29],3,0.12115760892629623,0
125,[29],4,0.3494482636451721,0
125,[29],5,0.1266392469406128,1
125,[29],6,0.8115504384040833,0
125,[29],7,0.6301173567771912,0
125,[29],8,0.10812071710824966,1
125,[29],9,0.346235066652298,0
125,[29],10,0.2679802179336548,0
125,[29],11,0.203668475151062,1
125,[29],12,0.168478861451149,1
125,[29],13,0.6847583055496216,0
125,[29],14,0.3192770779132843,0
125,[29],15,0.25418469309806824,0
125,[29],16,0.4480755925178528,0
125,[29],17,0.412814736366272,0
125,[29],18,0.4451773464679718,0
125,[29],19,0.43222224712371826,0
125,[29],20,0.12429244816303253,1
125,[29],21,0.6755942106246948,0
125,[29],22,0.24061763286590576,1
125,[29],23,0.47284531593322754,0
125,[29],24,0.2400687038898468,1
125,[29],25,0.23381774127483368,1
125,[29],26,0.284249484539032,1
125,[29],27,0.04038545861840248,1
125,[29],28,0.5776219964027405,0
125,[29],30,0.36099448800086975,0
125,[29],31,0.2736762464046478,0
125,[29],32,0.2464340478181839,0
125,[29],33,0.27523449063301086,0
125,[29],34,0.2697945237159729,0
125,[29],35,0.5790289044380188,0
125,[29],36,0.33609476685523987,0
125,[29],37,0.3022061586380005,0
125,[29],38,0.31758129596710205,0
125,[29],39,0.7869892716407776,0
125,[29],40,0.0971648246049881,1
125,[29],41,0.2501048743724823,0
125,[29],42,0.24866048991680145,0
125,[29],43,0.2559809684753418,0
125,[29],44,0.3743588328361511,0
125,[29],45,0.35454869270324707,0
125,[29],46,0.6605448722839355,0
125,[29],47,0.07745935767889023,1
125,[29],48,0.1721917688846588,1
125,[29],49,0.03548610582947731,1
125,[29],50,0.467752605676651,0
125,[29],51,0.44173726439476013,0
125,[29],52,0.05858682841062546,1
125,[29],53,0.0489782989025116,1
125,[29],54,0.2978935241699219,1
125,[29],55,0.6164506077766418,0
125,[29],56,0.6076918244361877,0
125,[29],57,0.09853983670473099,1
125,[29],58,0.1069418266415596,1
125,[29],59,1.0308253765106201,0
126,[37],0,0.27252084016799927,0
126,[37],1,0.28099048137664795,0
126,[37],2,0.15623611211776733,1
126,[37],3,0.17094360291957855,1
126,[37],4,0.14298102259635925,1
126,[37],5,0.09882903099060059,1
126,[37],6,0.18106837570667267,1
126,[37],7,0.28289249539375305,1
126,[37],8,0.1095820888876915,1
126,[37],9,0.4241354465484619,0
126,[37],10,0.2530863583087921,1
126,[37],11,0.08689817041158676,1
126,[37],12,0.10722297430038452,1
126,[37],13,0.4161403179168701,0
126,[37],14,0.25685927271842957,0
126,[37],15,0.2356879562139511,1
126,[37],16,0.4143035113811493,1
126,[37],17,0.38094136118888855,1
126,[37],18,0.39342060685157776,1
126,[37],19,0.18082194030284882,1
126,[37],20,0.4575759470462799,0
126,[37],21,0.3852865695953369,1
126,[37],22,0.30862000584602356,1
126,[37],23,0.6711145043373108,0
126,[37],24,0.16994647681713104,1
126,[37],25,0.1712464839220047,1
126,[37],26,0.4046122133731842,0
126,[37],27,0.1258115917444229,1
126,[37],28,0.40770021080970764,0
126,[37],29,0.25478395819664,1
126,[37],30,0.2828458249568939,1
126,[37],31,0.2938360571861267,0
126,[37],32,0.29592856764793396,0
126,[37],33,0.29671546816825867,0
126,[37],34,0.2503702640533447,0
126,[37],35,0.053950224071741104,1
126,[37],36,0.7540374994277954,0
126,[37],38,0.7332600355148315,0
126,[37],39,0.3663442134857178,0
126,[37],40,0.37341564893722534,0
126,[37],41,0.28124114871025085,0
126,[37],42,0.21784771978855133,1
126,[37],43,0.2635882794857025,0
126,[37],44,0.19391284883022308,1
126,[37],45,0.1630862057209015,1
126,[37],46,0.4482957124710083,0
126,[37],47,0.42808687686920166,0
126,[37],48,0.15377894043922424,1
126,[37],49,0.13432946801185608,1
126,[37],50,0.34124910831451416,0
126,[37],51,0.39221033453941345,0
126,[37],52,0.2230805903673172,1
126,[37],53,0.18533235788345337,1
126,[37],54,0.15513069927692413,1
126,[37],55,0.1650623083114624,1
126,[37],56,0.2074611634016037,1
126,[37],57,0.27822965383529663,1
126,[37],58,0.0825306698679924,1
126,[37],59,0.27737247943878174,0
127,[5],0,0.2799654006958008,0
127,[5],1,0.18576033413410187,0
127,[5],2,0.09488850086927414,1
127,[5],3,0.09114908427000046,1
127,[5],4,0.19827981293201447,1
127,[5],6,0.427901953458786,0
127,[5],7,0.19817835092544556,1
127,[5],8,0.06449113041162491,1
127,[5],9,0.2383764237165451,0
127,[5],10,0.2940669059753418,0
127,[5],11,0.10285113751888275,1
127,[5],12,0.12908263504505157,1
127,[5],13,0.21192629635334015,1
127,[5],14,0.1776743233203888,1
127,[5],15,0.12995365262031555,1
127,[5],16,0.19283223152160645,1
127,[5],17,0.19561271369457245,1
127,[5],18,0.1884576380252838,1
127,[5],19,0.10629862546920776,1
127,[5],20,0.23600980639457703,0
127,[5],21,0.37787023186683655,0
127,[5],22,0.3076951801776886,0
127,[5],23,0.7320541143417358,0
127,[5],24,0.11098586022853851,1
127,[5],25,0.11222171783447266,1
127,[5],26,0.2638722360134125,1
127,[5],27,0.11078646779060364,1
127,[5],28,0.3320651650428772,0
127,[5],29,0.09135694056749344,1
127,[5],30,0.23632948100566864,0
127,[5],31,0.2986603081226349,0
127,[5],32,0.29994872212409973,0
127,[5],33,0.3149794340133667,0
127,[5],34,0.14433492720127106,0
127,[5],35,0.17852051556110382,0
127,[5],36,0.13820675015449524,1
127,[5],37,0.16712619364261627,0
127,[5],38,0.42203155159950256,0
127,[5],39,0.32524240016937256,0
127,[5],40,0.2609238624572754,0
127,[5],41,0.19985431432724,0
127,[5],42,0.13980485498905182,1
127,[5],43,0.23279698193073273,1
127,[5],44,0.13111229240894318,1
127,[5],45,0.1449022889137268,1
127,[5],46,0.43525969982147217,0
127,[5],47,0.19129876792430878,0
127,[5],48,0.16934576630592346,0
127,[5],49,0.09354695677757263,1
127,[5],50,0.3717350661754608,0
127,[5],51,0.43124303221702576,0
127,[5],52,0.12438075244426727,1
127,[5],53,0.09308964014053345,1
127,[5],54,0.07666072994470596,1
127,[5],55,0.11699696630239487,1
127,[5],56,0.2765594720840454,0
127,[5],57,0.22675228118896484,1
127,[5],58,0.06860032677650452,1
127,[5],59,0.3882518708705902,0
128,[6],0,0.354173868894577,0
128,[6],1,0.31756672263145447,0
128,[6],2,0.302640438079834,0
128,[6],3,0.1603589653968811,1
128,[6],4,0.1888033151626587,1
128,[6],5,0.12735417485237122,1
128,[6],7,0.24659954011440277,1
128,[6],8,0.13739827275276184,1
128,[6],9,0.37743905186653137,0
128,[6],10,0.23913238942623138,1
128,[6],11,0.16191478073596954,1
128,[6],12,0.12947049736976624,1
128,[6],13,0.3659345209598541,1
128,[6],14,0.20373894274234772,1
128,[6],15,0.2610485851764679,1
128,[6],16,0.35270172357559204,1
128,[6],17,0.3623187839984894,1
128,[6],18,0.3731364905834198,1
128,[6],19,0.22027206420898438,1
128,[6],20,0.3368869125843048,1
128,[6],21,0.47060146927833557,0
128,[6],22,0.42914271354675293,1
128,[6],23,0.8797889947891235,0
128,[6],24,0.20305243134498596,1
128,[6],25,0.17926636338233948,1
128,[6],26,0.3756132125854492,1
128,[6],27,0.10425736010074615,1
128,[6],28,0.3950449526309967,0
128,[6],29,0.19882704317569733,1
128,[6],30,0.3311741352081299,1
128,[6],31,0.30910545587539673,0
128,[6],32,0.32119300961494446,0
128,[6],33,0.316179096698761,0
128,[6],34,0.28985151648521423,0
128,[6],35,0.1243482381105423,1
128,[6],36,0.33021360635757446,0
128,[6],37,0.08426599204540253,1
128,[6],38,0.4243548512458801,0
128,[6],39,0.3962410092353821,0
128,[6],40,0.289614200592041,0
128,[6],41,0.21330508589744568,1
128,[6],42,0.16476953029632568,1
128,[6],43,0.22215354442596436,1
128,[6],44,0.2502400577068329,1
128,[6],45,0.1744382381439209,1
128,[6],46,0.5177898406982422,0
128,[6],47,0.16359832882881165,1
128,[6],48,0.224668949842453,1
128,[6],49,0.10928035527467728,1
128,[6],50,0.3064143657684326,0
128,[6],51,0.30571484565734863,1
128,[6],52,0.16522178053855896,1
128,[6],53,0.1379004716873169,1
128,[6],54,0.21697278320789337,1
128,[6],55,0.28622278571128845,0
128,[6],56,0.20612983405590057,1
128,[6],57,0.24678762257099152,1
128,[6],58,0.09618707746267319,1
128,[6],59,0.6815300583839417,0
129,[7],0,0.14624817669391632,1
129,[7],1,0.1438477337360382,1
129,[7],2,0.08446541428565979,1
129,[7],3,0.0943288505077362,1
129,[7],4,0.10255011916160583,1
129,[7],5,0.06713516265153885,1
129,[7],6,0.35794252157211304,0
129,[7],8,0.051598403602838516,1
129,[7],9,0.3321310877799988,0
129,[7],10,0.2850363850593567,0
129,[7],11,0.18824131786823273,0
129,[7],12,0.16588057577610016,1
129,[7],13,0.3438863456249237,0
129,[7],14,0.23189334571361542,1
129,[7],15,0.1350940614938736,1
129,[7],16,0.25181862711906433,1
129,[7],17,0.2329767644405365,1
129,[7],18,0.25890615582466125,1
129,[7],19,0.16037854552268982,1
129,[7],20,0.2629457712173462,0
129,[7],21,0.662331223487854,0
129,[7],22,0.24459747970104218,0
129,[7],23,0.7711858153343201,0
129,[7],24,0.14397892355918884,1
129,[7],25,0.14933893084526062,1
129,[7],26,0.2922743260860443,0
129,[7],27,0.1221800148487091,1
129,[7],28,0.28768667578697205,0
129,[7],29,0.17811164259910583,1
129,[7],30,0.26793918013572693,1
129,[7],31,0.2565711736679077,0
129,[7],32,0.25376513600349426,0
129,[7],33,0.2641919255256653,0
129,[7],34,0.24987180531024933,0
129,[7],35,0.13914580643177032,0
129,[7],36,0.17155347764492035,1
129,[7],37,0.1423080712556839,1
129,[7],38,0.34795546531677246,0
129,[7],39,0.2837628722190857,0
129,[7],40,0.4265466630458832,0
129,[7],41,0.19741830229759216,0
129,[7],42,0.1530180126428604,1
129,[7],43,0.24058330059051514,0
129,[7],44,0.1554020792245865,1
129,[7],45,0.15954695641994476,1
129,[7],46,0.6642575263977051,0
129,[7],47,0.2526538670063019,0
129,[7],48,0.25005167722702026,0
129,[7],49,0.13365626335144043,1
129,[7],50,0.5087530016899109,0
129,[7],51,0.5780676007270813,0
129,[7],52,0.19270189106464386,1
129,[7],53,0.14233385026454926,1
129,[7],54,0.11365024745464325,1
129,[7],55,0.11300947517156601,1
129,[7],56,0.2310420125722885,0
129,[7],57,0.17260080575942993,1
129,[7],58,0.08299282938241959,1
129,[7],59,0.3787548840045929,0
130,[46],0,0.23656320571899414,0
130,[46],1,0.32401522994041443,0
130,[46],2,0.23871934413909912,0
130,[46],3,0.1286497712135315,1
130,[46],4,0.23418819904327393,1
130,[46],5,0.1322726607322693,1
130,[46],6,0.7269220352172852,0
130,[46],7,0.35067492723464966,0
130,[46],8,0.2142016738653183,1
130,[46],9,0.2662941813468933,1
130,[46],10,0.25214245915412903,0
130,[46],11,0.12442594021558762,1
130,[46],12,0.1320544332265854,1
130,[46],13,0.4466291069984436,0
130,[46],14,0.2654418647289276,1
130,[46],15,0.1452305167913437,1
130,[46],16,0.2926467955112457,0
130,[46],17,0.2884652018547058,1
130,[46],18,0.3049720823764801,1
130,[46],19,0.23142777383327484,1
130,[46],20,0.3592068552970886,0
130,[46],21,0.662124752998352,0
130,[46],22,0.4879623055458069,0
130,[46],23,0.8300600051879883,0
130,[46],24,0.19610582292079926,1
130,[46],25,0.1667003333568573,1
130,[46],26,0.35027021169662476,1
130,[46],27,0.16184236109256744,1
130,[46],28,0.422818660736084,0
130,[46],29,0.23263193666934967,1
130,[46],30,0.29287779331207275,1
130,[46],31,0.4043183922767639,0
130,[46],32,0.3573758900165558,0
130,[46],33,0.3938904404640198,0
130,[46],34,0.15843436121940613,1
130,[46],35,0.32493856549263,0
130,[46],36,0.22747711837291718,0
130,[46],37,0.20430895686149597,0
130,[46],38,0.27168819308280945,0
130,[46],39,0.3363788425922394,0
130,[46],40,0.3312491774559021,0
130,[46],41,0.19646571576595306,1
130,[46],42,0.15240462124347687,1
130,[46],43,0.2728452980518341,0
130,[46],44,0.2850690484046936,0
130,[46],45,0.22229868173599243,0
130,[46],47,0.1840171068906784,0
130,[46],48,0.1603780835866928,0
130,[46],49,0.19214046001434326,1
130,[46],50,0.4519423246383667,0
130,[46],51,0.4308272898197174,0
130,[46],52,0.22464264929294586,0
130,[46],53,0.18908895552158356,0
130,[46],54,0.15053141117095947,1
130,[46],55,0.42898112535476685,0
130,[46],56,0.34953710436820984,0
130,[46],57,0.19372132420539856,1
130,[46],58,0.09478133171796799,1
130,[46],59,0.3658841848373413,0
131,[48],0,0.29824256896972656,0
131,[48],1,0.5492093563079834,0
131,[48],2,0.34419819712638855,0
131,[48],3,0.11231525987386703,0
131,[48],4,0.20738229155540466,1
131,[48],5,0.13577501475811005,0
131,[48],6,0.22865964472293854,1
131,[48],7,0.43576890230178833,0
131,[48],8,0.1685398519039154,1
131,[48],9,0.48422735929489136,0
131,[48],10,0.18777106702327728,1
131,[48],11,0.10735851526260376,1
131,[48],12,0.12030293047428131,1
131,[48],13,0.47825855016708374,0
131,[48],14,0.12924039363861084,1
131,[48],15,0.23687948286533356,0
131,[48],16,0.5022395849227905,0
131,[48],17,0.43627873063087463,1
131,[48],18,0.4422799050807953,1
131,[48],19,0.24707071483135223,0
131,[48],20,0.22059620916843414,1
131,[48],21,0.2844047248363495,1
131,[48],22,0.2006540298461914,1
131,[48],23,0.4843745529651642,0
131,[48],24,0.17096443474292755,1
131,[48],25,0.1758810579776764,1
131,[48],26,0.24648639559745789,1
131,[48],27,0.04327451065182686,1
131,[48],28,0.4915352761745453,0
131,[48],29,0.06552370637655258,1
131,[48],30,0.29574277997016907,1
131,[48],31,0.2386275976896286,0
131,[48],32,0.25018203258514404,1
131,[48],33,0.25289779901504517,0
131,[48],34,0.26906904578208923,1
131,[48],35,0.04813973978161812,1
131,[48],36,0.33092424273490906,0
131,[48],37,0.09938570111989975,1
131,[48],38,0.3465307354927063,0
131,[48],39,0.6717694401741028,0
131,[48],40,0.0570310540497303,1
131,[48],41,0.22609558701515198,1
131,[48],42,0.16286318004131317,1
131,[48],43,0.16208243370056152,1
131,[48],44,0.25356197357177734,1
131,[48],45,0.2530210614204407,0
131,[48],46,0.434088796377182,0
131,[48],47,0.12100958824157715,1
131,[48],49,0.07477018237113953,1
131,[48],50,0.20876182615756989,1
131,[48],51,0.1877855807542801,1
131,[48],52,0.14849206805229187,1
131,[48],53,0.12115365266799927,1
131,[48],54,0.21541883051395416,1
131,[48],55,0.44151026010513306,0
131,[48],56,0.16574259102344513,1
131,[48],57,0.11202580481767654,1
131,[48],58,0.06165579706430435,1
131,[48],59,0.4975675344467163,0
132,[44],0,0.20931950211524963,0
132,[44],1,0.28738078474998474,0
132,[44],2,0.16537991166114807,1
132,[44],3,0.1018105074763298,1
132,[44],4,0.14622262120246887,1
132,[44],5,0.09560797363519669,1
132,[44],6,0.5358841419219971,0
132,[44],7,0.2659202814102173,0
132,[44],8,0.12606839835643768,1
132,[44],9,0.4471157193183899,0
132,[44],10,0.27528879046440125,0
132,[44],11,0.1457163393497467,1
132,[44],12,0.1802910566329956,1
132,[44],13,0.22805805504322052,1
132,[44],14,0.2201344221830368,1
132,[44],15,0.14144930243492126,1
132,[44],16,0.27557918429374695,1
132,[44],17,0.2795097827911377,1
132,[44],18,0.3006443381309509,1
132,[44],19,0.1626693159341812,1
132,[44],20,0.2950271964073181,0
132,[44],21,0.3995981216430664,0
132,[44],22,0.30089253187179565,1
132,[44],23,0.6295620203018188,0
132,[44],24,0.15176492929458618,1
132,[44],25,0.14815860986709595,1
132,[44],26,0.2917962670326233,1
132,[44],27,0.11580238491296768,1
132,[44],28,0.3226265609264374,0
132,[44],29,0.12978339195251465,1
132,[44],30,0.2677915394306183,1
132,[44],31,0.3187682628631592,0
132,[44],32,0.2825270891189575,0
132,[44],33,0.324876070022583,0
132,[44],34,0.25887447595596313,0
132,[44],35,0.15305569767951965,0
132,[44],36,0.2303091585636139,0
132,[44],37,0.16061489284038544,1
132,[44],38,0.33478522300720215,0
132,[44],39,0.30275729298591614,0
132,[44],40,0.39935302734375,0
132,[44],41,0.2565043270587921,0
132,[44],42,0.17418766021728516,1
132,[44],43,0.18034087121486664,1
132,[44],45,0.17204055190086365,1
132,[44],46,0.426632285118103,0
132,[44],47,0.1898747831583023,0
132,[44],48,0.19638177752494812,1
132,[44],49,0.12254498898983002,1
132,[44],50,0.4078792333602905,0
132,[44],51,0.41092053055763245,0
132,[44],52,0.13102948665618896,1
132,[44],53,0.10706392675638199,1
132,[44],54,0.13098858296871185,1
132,[44],55,0.13882754743099213,1
132,[44],56,0.19898658990859985,1
132,[44],57,0.28215572237968445,1
132,[44],58,0.09113287925720215,1
132,[44],59,0.4425663948059082,0
133,[58],0,0.27547726035118103,0
133,[58],1,0.35182327032089233,0
133,[58],2,0.1998751163482666,0
133,[58],3,0.09112463891506195,1
133,[58],4,0.23379485309123993,1
133,[58],5,0.06847385317087173,1
133,[58],6,0.4815584719181061,0
133,[58],7,0.4600955843925476,0
133,[58],8,0.05203000456094742,1
133,[58],9,0.5656949281692505,0
133,[58],10,0.26157277822494507,0
133,[58],11,0.12476397305727005,1
133,[58],12,0.12031734734773636,1
133,[58],13,0.4304470121860504,0
133,[58],14,0.2863353192806244,1
133,[58],15,0.08640236407518387,1
133,[58],16,0.20866622030735016,0
133,[58],17,0.22285018861293793,1
133,[58],18,0.22356519103050232,1
133,[58],19,0.17044660449028015,1
133,[58],20,0.23148243129253387,0
133,[58],21,0.7080553770065308,0
133,[58],22,0.27701616287231445,0
133,[58],23,0.9031394720077515,0
133,[58],24,0.1699400097131729,1
133,[58],25,0.17676229774951935,1
133,[58],26,0.3493160605430603,1
133,[58],27,0.07775217294692993,1
133,[58],28,0.36803463101387024,0
133,[58],29,0.1642255038022995,1
133,[58],30,0.20807082951068878,1
133,[58],31,0.27519690990448,0
133,[58],32,0.21550552546977997,0
133,[58],33,0.2660248279571533,0
133,[58],34,0.15273568034172058,1
133,[58],35,0.3010390102863312,0
133,[58],36,0.13922682404518127,1
133,[58],37,0.16864322125911713,1
133,[58],38,0.19620531797409058,0
133,[58],39,0.2995137572288513,0
133,[58],40,0.30305781960487366,0
133,[58],41,0.1525692343711853,1
133,[58],42,0.13650107383728027,1
133,[58],43,0.09705382585525513,1
133,[58],44,0.20622119307518005,1
133,[58],45,0.21102029085159302,0
133,[58],46,0.30458927154541016,0
133,[58],47,0.20753031969070435,0
133,[58],48,0.15315477550029755,1
133,[58],49,0.14184363186359406,1
133,[58],50,0.43813085556030273,0
133,[58],51,0.49226322770118713,0
133,[58],52,0.15077903866767883,1
133,[58],53,0.11610249429941177,1
133,[58],54,0.1372966468334198,1
133,[58],55,0.32593610882759094,0
133,[58],56,0.1958625316619873,1
133,[58],57,0.22261622548103333,1
133,[58],59,0.25800472497940063,1
134,[27],0,0.29350465536117554,0
134,[27],1,0.3910829722881317,0
134,[27],2,0.18393832445144653,0
134,[27],3,0.07678412646055222,1
134,[27],4,0.19582848250865936,0
134,[27],5,0.06883957982063293,1
134,[27],6,0.4230835735797882,0
134,[27],7,0.4451979696750641,0
134,[27],8,0.04903915524482727,1
134,[27],9,0.20887497067451477,1
134,[27],10,0.11844715476036072,0
134,[27],11,0.1906358152627945,0
134,[27],12,0.15210546553134918,1
134,[27],13,0.41509151458740234,0
134,[27],14,0.1259346753358841,1
134,[27],15,0.18349534273147583,0
134,[27],16,0.21444207429885864,0
134,[27],17,0.16563725471496582,1
134,[27],18,0.16382147371768951,1
134,[27],19,0.23442848026752472,0
134,[27],20,0.12089098244905472,1
134,[27],21,0.4449004828929901,0
134,[27],22,0.08027336746454239,1
134,[27],23,0.7910099029541016,0
134,[27],24,0.09844878315925598,1
134,[27],25,0.11675350368022919,1
134,[27],26,0.13470664620399475,1
134,[27],28,0.3678991496562958,0
134,[27],29,0.04472339525818825,1
134,[27],30,0.19177325069904327,0
134,[27],31,0.17462891340255737,0
134,[27],32,0.17881329357624054,0
134,[27],33,0.17940057814121246,0
134,[27],34,0.17675088346004486,0
134,[27],35,0.2553136646747589,0
134,[27],36,0.14863555133342743,0
134,[27],37,0.19773851335048676,0
134,[27],38,0.12732136249542236,0
134,[27],39,0.48979663848876953,0
134,[27],40,0.13773244619369507,1
134,[27],41,0.15644747018814087,1
134,[27],42,0.10239657759666443,1
134,[27],43,0.19837449491024017,0
134,[27],44,0.17507554590702057,1
134,[27],45,0.2451568990945816,0
134,[27],46,0.40512728691101074,0
134,[27],47,0.09191744774580002,1
134,[27],48,0.17606477439403534,1
134,[27],49,0.044050123542547226,1
134,[27],50,0.25050127506256104,1
134,[27],51,0.22442473471164703,1
134,[27],52,0.08605446666479111,1
134,[27],53,0.074588343501091,1
134,[27],54,0.10142689943313599,1
134,[27],55,0.4779815673828125,0
134,[27],56,0.08383331447839737,1
134,[27],57,0.07674475014209747,1
134,[27],58,0.03675609081983566,1
134,[27],59,0.5701311230659485,0
135,[54],0,0.20568792521953583,0
135,[54],1,0.12594035267829895,1
135,[54],2,0.09716998785734177,1
135,[54],3,0.08078373223543167,1
135,[54],4,0.06843479722738266,1
135,[54],5,0.02517993561923504,1
135,[54],6,0.5735780596733093,0
135,[54],7,0.3968851864337921,0
135,[54],8,0.03197901323437691,1
135,[54],9,0.22228996455669403,0
135,[54],10,0.2008817493915558,0
135,[54],11,0.06067999452352524,1
135,[54],12,0.08566435426473618,1
135,[54],13,0.2731744050979614,1
135,[54],14,0.07226746529340744,1
135,[54],15,0.06436531990766525,1
135,[54],16,0.1417648196220398,1
135,[54],17,0.1624833345413208,1
135,[54],18,0.14696314930915833,1
135,[54],19,0.10206195712089539,1
135,[54],20,0.28026774525642395,0
135,[54],21,0.21551941335201263,0
135,[54],22,0.20793521404266357,0
135,[54],23,0.7664217948913574,0
135,[54],24,0.06596194952726364,1
135,[54],25,0.08571331202983856,1
135,[54],26,0.2653887867927551,0
135,[54],27,0.05352797731757164,1
135,[54],28,0.2583337128162384,1
135,[54],29,0.07878467440605164,1
135,[54],30,0.22584418952465057,0
135,[54],31,0.232904851436615,0
135,[54],32,0.22057566046714783,0
135,[54],33,0.2396022230386734,0
135,[54],34,0.11962248384952545,1
135,[54],35,0.14652962982654572,0
135,[54],36,0.1320917010307312,0
135,[54],37,0.22079165279865265,0
135,[54],38,0.12975046038627625,1
135,[54],39,0.3751530051231384,0
135,[54],40,0.16959638893604279,1
135,[54],41,0.13844487071037292,1
135,[54],42,0.08674997091293335,1
135,[54],43,0.14213930070400238,1
135,[54],44,0.14167198538780212,1
135,[54],45,0.08929021656513214,1
135,[54],46,0.26115506887435913,0
135,[54],47,0.10883568227291107,1
135,[54],48,0.11901964247226715,1
135,[54],49,0.06816312670707703,1
135,[54],50,0.2662835717201233,1
135,[54],51,0.3348989188671112,1
135,[54],52,0.12657685577869415,1
135,[54],53,0.08837396651506424,1
135,[54],55,0.07031483203172684,1
135,[54],56,0.1000414565205574,1
135,[54],57,0.11859871447086334,1
135,[54],58,0.024499021470546722,1
135,[54],59,0.6217362284660339,0
136,[15],0,0.36243629455566406,0
136,[15],1,0.5195592045783997,0
136,[15],2,0.3190597593784332,0
136,[15],3,0.1437975913286209,1
136,[15],4,0.2445012480020523,1
136,[15],5,0.1270410120487213,1
136,[15],6,0.7270221710205078,0
136,[15],7,0.4341074824333191,0
136,[15],8,0.21506379544734955,1
136,[15],9,0.4718700349330902,0
136,[15],10,0.3030579686164856,0
136,[15],11,0.25263646245002747,1
136,[15],12,0.2032260149717331,1
136,[15],13,0.5590405464172363,0
136,[15],14,0.47793203592300415,1
136,[15],16,0.30483004450798035,0
136,[15],17,0.2948194742202759,1
136,[15],18,0.31679433584213257,1
136,[15],19,0.305772602558136,1
136,[15],20,0.27998635172843933,1
136,[15],21,0.6485275626182556,0
136,[15],22,0.3884091377258301,0
136,[15],23,0.7512004971504211,0
136,[15],24,0.2317163050174713,1
136,[15],25,0.22995927929878235,1
136,[15],26,0.33630532026290894,1
136,[15],27,0.09602590650320053,1
136,[15],28,0.4299263060092926,0
136,[15],29,0.24094156920909882,1
136,[15],30,0.19912785291671753,1
136,[15],31,0.2744942009449005,0
136,[15],32,0.23934507369995117,0
136,[15],33,0.2750505208969116,0
136,[15],34,0.19340340793132782,1
136,[15],35,0.2676358222961426,0
136,[15],36,0.35475796461105347,0
136,[15],37,0.26272913813591003,1
136,[15],38,0.3827526271343231,0
136,[15],39,0.4311964809894562,0
136,[15],40,0.32179024815559387,0
136,[15],41,0.2353600561618805,1
136,[15],42,0.18443715572357178,1
136,[15],43,0.19101591408252716,1
136,[15],44,0.28144797682762146,1
136,[15],45,0.27758464217185974,0
136,[15],46,0.6477987170219421,0
136,[15],47,0.2343352884054184,0
136,[15],48,0.2054463028907776,1
136,[15],49,0.23982346057891846,1
136,[15],50,0.4838677644729614,1
136,[15],51,0.4784049987792969,1
136,[15],52,0.27848726511001587,1
136,[15],53,0.22967678308486938,1
136,[15],54,0.1985377073287964,1
136,[15],55,0.37579965591430664,0
136,[15],56,0.3137860596179962,1
136,[15],57,0.19748824834823608,1
136,[15],58,0.10420413315296173,1
136,[15],59,0.583328366279602,0
137,[6],0,0.354173868894577,0
137,[6],1,0.31756672263145447,0
137,[6],2,0.302640438079834,0
137,[6],3,0.1603589653968811,1
137,[6],4,0.1888033151626587,1
137,[6],5,0.12735417485237122,1
137,[6],7,0.24659954011440277,1
137,[6],8,0.13739827275276184,1
137,[6],9,0.37743905186653137,0
137,[6],10,0.23913238942623138,1
137,[6],11,0.16191478073596954,1
137,[6],12,0.12947049736976624,1
137,[6],13,0.3659345209598541,1
137,[6],14,0.20373894274234772,1
137,[6],15,0.2610485851764679,1
137,[6],16,0.35270172357559204,1
137,[6],17,0.3623187839984894,1
137,[6],18,0.3731364905834198,1
137,[6],19,0.22027206420898438,1
137,[6],20,0.3368869125843048,1
137,[6],21,0.47060146927833557,0
137,[6],22,0.42914271354675293,1
137,[6],23,0.8797889947891235,0
137,[6],24,0.20305243134498596,1
137,[6],25,0.17926636338233948,1
137,[6],26,0.3756132125854492,1
137,[6],27,0.10425736010074615,1
137,[6],28,0.3950449526309967,0
137,[6],29,0.19882704317569733,1
137,[6],30,0.3311741352081299,1
137,[6],31,0.30910545587539673,0
137,[6],32,0.32119300961494446,0
137,[6],33,0.316179096698761,0
137,[6],34,0.28985151648521423,0
137,[6],35,0.1243482381105423,1
137,[6],36,0.33021360635757446,0
137,[6],37,0.08426599204540253,1
137,[6],38,0.4243548512458801,0
137,[6],39,0.3962410092353821,0
137,[6],40,0.289614200592041,0
137,[6],41,0.21330508589744568,1
137,[6],42,0.16476953029632568,1
137,[6],43,0.22215354442596436,1
137,[6],44,0.2502400577068329,1
137,[6],45,0.1744382381439209,1
137,[6],46,0.5177898406982422,0
137,[6],47,0.16359832882881165,1
137,[6],48,0.224668949842453,1
137,[6],49,0.10928035527467728,1
137,[6],50,0.3064143657684326,0
137,[6],51,0.30571484565734863,1
137,[6],52,0.16522178053855896,1
137,[6],53,0.1379004716873169,1
137,[6],54,0.21697278320789337,1
137,[6],55,0.28622278571128845,0
137,[6],56,0.20612983405590057,1
137,[6],57,0.24678762257099152,1
137,[6],58,0.09618707746267319,1
137,[6],59,0.6815300583839417,0
138,[50],0,0.25563353300094604,0
138,[50],1,0.5292936563491821,0
138,[50],2,0.31286242604255676,0
138,[50],3,0.14098916947841644,0
138,[50],4,0.25732776522636414,1
138,[50],5,0.14547879993915558,0
138,[50],6,0.2823692262172699,1
138,[50],7,0.45886707305908203,0
138,[50],8,0.16551266610622406,1
138,[50],9,0.3880946934223175,0
138,[50],10,0.2529171109199524,0
138,[50],11,0.15860870480537415,1
138,[50],12,0.16480588912963867,1
138,[50],13,0.5769137740135193,0
138,[50],14,0.17122623324394226,1
138,[50],15,0.29525861144065857,0
138,[50],16,0.4533354640007019,0
138,[50],17,0.4200589954853058,1
138,[50],18,0.3974510431289673,1
138,[50],19,0.3188580274581909,0
138,[50],20,0.2412685602903366,1
138,[50],21,0.4692121148109436,0
138,[50],22,0.3479548692703247,1
138,[50],23,0.7999368906021118,0
138,[50],24,0.17037801444530487,1
138,[50],25,0.1614571213722229,1
138,[50],26,0.22280879318714142,1
138,[50],27,0.05685412883758545,1
138,[50],28,0.5553837418556213,0
138,[50],29,0.12502606213092804,1
138,[50],30,0.35256996750831604,0
138,[50],31,0.30294865369796753,0
138,[50],32,0.3155633807182312,0
138,[50],33,0.3133030831813812,0
138,[50],34,0.31969961524009705,0
138,[50],35,0.1570957601070404,1
138,[50],36,0.44645461440086365,0
138,[50],37,0.12394515424966812,1
138,[50],38,0.4378340542316437,0
138,[50],39,0.6416313648223877,0
138,[50],40,0.1166885495185852,1
138,[50],41,0.2550677955150604,1
138,[50],42,0.18723087012767792,1
138,[50],43,0.18243692815303802,1
138,[50],44,0.23053431510925293,1
138,[50],45,0.282486230134964,0
138,[50],46,0.5873167514801025,0
138,[50],47,0.120274119079113,1
138,[50],48,0.22305242717266083,1
138,[50],49,0.07740689814090729,1
138,[50],51,0.04439437761902809,1
138,[50],52,0.16572196781635284,1
138,[50],53,0.1393432468175888,1
138,[50],54,0.23836426436901093,1
138,[50],55,0.516136109828949,0
138,[50],56,0.21762029826641083,0
138,[50],57,0.1657300442457199,1
138,[50],58,0.06752492487430573,1
138,[50],59,0.40147915482521057,0
139,[9],0,0.2892041504383087,0
139,[9],1,0.4953877031803131,0
139,[9],2,0.30183109641075134,0
139,[9],3,0.13729356229305267,0
139,[9],4,0.22922532260417938,1
139,[9],5,0.13471084833145142,0
139,[9],6,0.7225950956344604,0
139,[9],7,0.5038354396820068,0
139,[9],8,0.20685672760009766,1
139,[9],10,0.23034469783306122,0
139,[9],11,0.13972072303295135,1
139,[9],12,0.1749846488237381,1
139,[9],13,0.4300411641597748,0
139,[9],14,0.1290569007396698,1
139,[9],15,0.09163462370634079,1
139,[9],16,0.3248259723186493,0
139,[9],17,0.3150111436843872,0
139,[9],18,0.32128486037254333,0
139,[9],19,0.2648594379425049,0
139,[9],20,0.2113330066204071,0
139,[9],21,0.7471870183944702,0
139,[9],22,0.3535923361778259,0
139,[9],23,0.9376248717308044,0
139,[9],24,0.19377712905406952,0
139,[9],25,0.17040212452411652,0
139,[9],26,0.28597667813301086,1
139,[9],27,0.05943244323134422,1
139,[9],28,0.2982198894023895,0
139,[9],29,0.11615097522735596,1
139,[9],30,0.1729448288679123,1
139,[9],31,0.2962692081928253,0
139,[9],32,0.2438843548297882,0
139,[9],33,0.2929699420928955,0
139,[9],34,0.14914734661579132,0
139,[9],35,0.471904456615448,0
139,[9],36,0.13088330626487732,1
139,[9],37,0.23403425514698029,0
139,[9],38,0.1768990010023117,0
139,[9],39,0.45388439297676086,0
139,[9],40,0.171871155500412,1
139,[9],41,0.2064240574836731,0
139,[9],42,0.1934041976928711,1
139,[9],43,0.2339245080947876,0
139,[9],44,0.30332934856414795,0
139,[9],45,0.17278863489627838,0
139,[9],46,0.2851743996143341,0
139,[9],47,0.0885838121175766,1
139,[9],48,0.09664756804704666,1
139,[9],49,0.14982765913009644,1
139,[9],50,0.3501908779144287,0
139,[9],51,0.3523128032684326,0
139,[9],52,0.20450459420681,0
139,[9],53,0.15992514789104462,0
139,[9],54,0.14363671839237213,1
139,[9],55,0.4166104197502136,0
139,[9],56,0.28317418694496155,0
139,[9],57,0.2122686505317688,1
139,[9],58,0.09270337969064713,1
139,[9],59,0.4278331995010376,0
140,[19],0,0.1487158089876175,0
140,[19],1,0.19852718710899353,1
140,[19],2,0.1630985140800476,0
140,[19],3,0.08011384308338165,1
140,[19],4,0.15092293918132782,1
140,[19],5,0.06737912446260452,1
140,[19],6,0.7212809324264526,0
140,[19],7,0.20061610639095306,0
140,[19],8,0.11702632904052734,1
140,[19],9,0.29414597153663635,0
140,[19],10,0.335895836353302,0
140,[19],11,0.14488032460212708,1
140,[19],12,0.13665913045406342,1
140,[19],13,0.182096466422081,1
140,[19],14,0.15205118060112,1
140,[19],15,0.08836258202791214,1
140,[19],16,0.18505796790122986,0
140,[19],17,0.18554596602916718,1
140,[19],18,0.19469748437404633,1
140,[19],20,0.21819427609443665,1
140,[19],21,0.4814247190952301,0
140,[19],22,0.22824633121490479,0
140,[19],23,0.9939054250717163,0
140,[19],24,0.12851016223430634,1
140,[19],25,0.12166787683963776,1
140,[19],26,0.2681605815887451,0
140,[19],27,0.11856457591056824,1
140,[19],28,0.282370388507843,0
140,[19],29,0.12635129690170288,1
140,[19],30,0.19404886662960052,0
140,[19],31,0.22503598034381866,0
140,[19],32,0.22259820997714996,0
140,[19],33,0.21957427263259888,0
140,[19],34,0.21382606029510498,0
140,[19],35,0.15431427955627441,0
140,[19],36,0.1846919059753418,0
140,[19],37,0.16474343836307526,1
140,[19],38,0.35753393173217773,0
140,[19],39,0.3265853524208069,0
140,[19],40,0.34768012166023254,0
140,[19],41,0.24380993843078613,0
140,[19],42,0.18598054349422455,1
140,[19],43,0.19246183335781097,1
140,[19],44,0.16083842515945435,1
140,[19],45,0.12925182282924652,1
140,[19],46,0.48758843541145325,0
140,[19],47,0.13922862708568573,1
140,[19],48,0.1621890813112259,0
140,[19],49,0.1796647310256958,0
140,[19],50,0.4516163170337677,0
140,[19],51,0.49637851119041443,0
140,[19],52,0.14111654460430145,0
140,[19],53,0.10928243398666382,1
140,[19],54,0.10358681529760361,1
140,[19],55,0.10847892612218857,1
140,[19],56,0.20634372532367706,0
140,[19],57,0.19900083541870117,1
140,[19],58,0.07968829572200775,1
140,[19],59,0.4598907232284546,0
141,[40],0,0.5012743473052979,0
141,[40],1,0.8554617762565613,0
141,[40],2,0.3401411473751068,0
141,[40],3,0.12978850305080414,1
141,[40],4,0.2389792650938034,0
141,[40],5,0.14573314785957336,1
141,[40],6,0.5974160432815552,0
141,[40],7,0.7731233835220337,0
141,[40],8,0.11625801026821136,1
141,[40],9,0.38101300597190857,0
141,[40],10,0.32260242104530334,0
141,[40],11,0.10179726034402847,1
141,[40],12,0.11306557804346085,1
141,[40],13,0.5912193059921265,0
141,[40],14,0.10015310347080231,1
141,[40],15,0.10828357934951782,1
141,[40],16,0.32396355271339417,0
141,[40],17,0.3142710030078888,0
141,[40],18,0.3285611569881439,0
141,[40],19,0.33311495184898376,0
141,[40],20,0.2621982991695404,0
141,[40],21,1.0159270763397217,0
141,[40],22,0.19892317056655884,1
141,[40],23,0.7803123593330383,0
141,[40],24,0.16146087646484375,1
141,[40],25,0.17045721411705017,0
141,[40],26,0.28814131021499634,1
141,[40],27,0.03556608408689499,1
141,[40],28,0.44193506240844727,0
141,[40],29,0.24476638436317444,1
141,[40],30,0.24377328157424927,1
141,[40],31,0.2803175747394562,0
141,[40],32,0.2551855444908142,0
141,[40],33,0.30460304021835327,0
141,[40],34,0.26266857981681824,0
141,[40],35,0.6199122071266174,0
141,[40],36,0.19347499310970306,0
141,[40],37,0.3005538582801819,0
141,[40],38,0.21272385120391846,0
141,[40],39,0.29954850673675537,0
141,[40],41,0.1741466224193573,1
141,[40],42,0.12292778491973877,1
141,[40],43,0.19996143877506256,0
141,[40],44,0.3584229648113251,0
141,[40],45,0.16735048592090607,0
141,[40],46,0.6103992462158203,0
141,[40],47,0.08919712901115417,1
141,[40],48,0.1964312642812729,0
141,[40],49,0.11000894010066986,1
141,[40],50,0.3199257552623749,0
141,[40],51,0.32195204496383667,0
141,[40],52,0.11245204508304596,1
141,[40],53,0.07582338899374008,1
141,[40],54,0.13248737156391144,1
141,[40],55,0.601702094078064,0
141,[40],56,0.28570887446403503,0
141,[40],57,0.1649608314037323,1
141,[40],58,0.08520381152629852,1
141,[40],59,0.5112272500991821,0
142,[14],0,0.3191332221031189,0
142,[14],1,0.4716051518917084,0
142,[14],2,0.2420283406972885,0
142,[14],3,0.12230279296636581,0
142,[14],4,0.22061465680599213,0
142,[14],5,0.1072450578212738,1
142,[14],6,0.7012677192687988,0
142,[14],7,0.370135098695755,0
142,[14],8,0.09209657460451126,1
142,[14],9,0.3247615694999695,0
142,[14],10,0.24362778663635254,0
142,[14],11,0.12457817047834396,1
142,[14],12,0.14910660684108734,1
142,[14],13,0.4653814435005188,0
142,[14],15,0.235287606716156,1
142,[14],16,0.32046934962272644,0
142,[14],17,0.30159637331962585,1
142,[14],18,0.3544204533100128,0
142,[14],19,0.23393970727920532,0
142,[14],20,0.1928926408290863,1
142,[14],21,0.5342445969581604,0
142,[14],22,0.35565832257270813,0
142,[14],23,0.741475522518158,0
142,[14],24,0.18562856316566467,1
142,[14],25,0.16025732457637787,1
142,[14],26,0.2606644332408905,1
142,[14],27,0.10962618142366409,1
142,[14],28,0.4372383654117584,0
142,[14],29,0.11389973014593124,1
142,[14],30,0.3501311242580414,0
142,[14],31,0.3843790292739868,0
142,[14],32,0.33796462416648865,0
142,[14],33,0.3828442394733429,0
142,[14],34,0.2544720470905304,0
142,[14],35,0.25565478205680847,0
142,[14],36,0.2475697100162506,0
142,[14],37,0.246567964553833,0
142,[14],38,0.19668059051036835,0
142,[14],39,0.45077481865882874,0
142,[14],40,0.24473682045936584,1
142,[14],41,0.16856923699378967,1
142,[14],42,0.1286858171224594,1
142,[14],43,0.13582555949687958,1
142,[14],44,0.22557507455348969,1
142,[14],45,0.22050966322422028,0
142,[14],46,0.439376562833786,0
142,[14],47,0.16039812564849854,1
142,[14],48,0.1345413774251938,1
142,[14],49,0.15023285150527954,1
142,[14],50,0.28717780113220215,1
142,[14],51,0.28771457076072693,1
142,[14],52,0.12125996500253677,1
142,[14],53,0.09596109390258789,1
142,[14],54,0.16371262073516846,1
142,[14],55,0.3450966477394104,0
142,[14],56,0.23815850913524628,0
142,[14],57,0.16504603624343872,1
142,[14],58,0.06232212111353874,1
142,[14],59,0.6039006114006042,0
143,[27],0,0.29350465536117554,0
143,[27],1,0.3910829722881317,0
143,[27],2,0.18393832445144653,0
143,[27],3,0.07678412646055222,1
143,[27],4,0.19582848250865936,0
143,[27],5,0.06883957982063293,1
143,[27],6,0.4230835735797882,0
143,[27],7,0.4451979696750641,0
143,[27],8,0.04903915524482727,1
143,[27],9,0.20887497067451477,1
143,[27],10,0.11844715476036072,0
143,[27],11,0.1906358152627945,0
143,[27],12,0.15210546553134918,1
143,[27],13,0.41509151458740234,0
143,[27],14,0.1259346753358841,1
143,[27],15,0.18349534273147583,0
143,[27],16,0.21444207429885864,0
143,[27],17,0.16563725471496582,1
143,[27],18,0.16382147371768951,1
143,[27],19,0.23442848026752472,0
143,[27],20,0.12089098244905472,1
143,[27],21,0.4449004828929901,0
143,[27],22,0.08027336746454239,1
143,[27],23,0.7910099029541016,0
143,[27],24,0.09844878315925598,1
143,[27],25,0.11675350368022919,1
143,[27],26,0.13470664620399475,1
143,[27],28,0.3678991496562958,0
143,[27],29,0.04472339525818825,1
143,[27],30,0.19177325069904327,0
143,[27],31,0.17462891340255737,0
143,[27],32,0.17881329357624054,0
143,[27],33,0.17940057814121246,0
143,[27],34,0.17675088346004486,0
143,[27],35,0.2553136646747589,0
143,[27],36,0.14863555133342743,0
143,[27],37,0.19773851335048676,0
143,[27],38,0.12732136249542236,0
143,[27],39,0.48979663848876953,0
143,[27],40,0.13773244619369507,1
143,[27],41,0.15644747018814087,1
143,[27],42,0.10239657759666443,1
143,[27],43,0.19837449491024017,0
143,[27],44,0.17507554590702057,1
143,[27],45,0.2451568990945816,0
143,[27],46,0.40512728691101074,0
143,[27],47,0.09191744774580002,1
143,[27],48,0.17606477439403534,1
143,[27],49,0.044050123542547226,1
143,[27],50,0.25050127506256104,1
143,[27],51,0.22442473471164703,1
143,[27],52,0.08605446666479111,1
143,[27],53,0.074588343501091,1
143,[27],54,0.10142689943313599,1
143,[27],55,0.4779815673828125,0
143,[27],56,0.08383331447839737,1
143,[27],57,0.07674475014209747,1
143,[27],58,0.03675609081983566,1
143,[27],59,0.5701311230659485,0
144,[51],0,0.2610316276550293,0
144,[51],1,0.5624618530273438,0
144,[51],2,0.33332136273384094,0
144,[51],3,0.1515224426984787,0
144,[51],4,0.2814914286136627,0
144,[51],5,0.1479966789484024,0
144,[51],6,0.25295597314834595,1
144,[51],7,0.5006859302520752,0
144,[51],8,0.17977876961231232,1
144,[51],9,0.3910878896713257,0
144,[51],10,0.26931530237197876,0
144,[51],11,0.1722174882888794,1
144,[51],12,0.1773354560136795,1
144,[51],13,0.5841841697692871,0
144,[51],14,0.20712153613567352,1
144,[51],15,0.32530879974365234,0
144,[51],16,0.486261248588562,0
144,[51],17,0.449586421251297,0
144,[51],18,0.42804154753685,1
144,[51],19,0.35267946124076843,0
144,[51],20,0.22771884500980377,1
144,[51],21,0.4754313826560974,0
144,[51],22,0.3434813618659973,1
144,[51],23,0.8078786134719849,0
144,[51],24,0.17193691432476044,1
144,[51],25,0.1644386351108551,1
144,[51],26,0.2401566505432129,1
144,[51],27,0.06630115211009979,1
144,[51],28,0.5864660143852234,0
144,[51],29,0.1294460892677307,1
144,[51],30,0.3539581298828125,0
144,[51],31,0.30009815096855164,0
144,[51],32,0.31589803099632263,0
144,[51],33,0.31243959069252014,0
144,[51],34,0.3116893768310547,0
144,[51],35,0.16731984913349152,1
144,[51],36,0.45590344071388245,0
144,[51],37,0.1263173669576645,1
144,[51],38,0.42134523391723633,0
144,[51],39,0.6588654518127441,0
144,[51],40,0.1177234798669815,1
144,[51],41,0.2800108790397644,1
144,[51],42,0.213432177901268,1
144,[51],43,0.20565485954284668,1
144,[51],44,0.24211277067661285,1
144,[51],45,0.30932852625846863,0
144,[51],46,0.5882997512817383,0
144,[51],47,0.14226765930652618,1
144,[51],48,0.2161315530538559,1
144,[51],49,0.078976571559906,1
144,[51],50,0.032326508313417435,1
144,[51],52,0.16529041528701782,1
144,[51],53,0.13909171521663666,1
144,[51],54,0.26633158326148987,0
144,[51],55,0.5374818444252014,0
144,[51],56,0.24156640470027924,0
144,[51],57,0.16720789670944214,1
144,[51],58,0.07378559559583664,1
144,[51],59,0.4559614956378937,0
145,[50],0,0.25563353300094604,0
145,[50],1,0.5292936563491821,0
145,[50],2,0.31286242604255676,0
145,[50],3,0.14098916947841644,0
145,[50],4,0.25732776522636414,1
145,[50],5,0.14547879993915558,0
145,[50],6,0.2823692262172699,1
145,[50],7,0.45886707305908203,0
145,[50],8,0.16551266610622406,1
145,[50],9,0.3880946934223175,0
145,[50],10,0.2529171109199524,0
145,[50],11,0.15860870480537415,1
145,[50],12,0.16480588912963867,1
145,[50],13,0.5769137740135193,0
145,[50],14,0.17122623324394226,1
145,[50],15,0.29525861144065857,0
145,[50],16,0.4533354640007019,0
145,[50],17,0.4200589954853058,1
145,[50],18,0.3974510431289673,1
145,[50],19,0.3188580274581909,0
145,[50],20,0.2412685602903366,1
145,[50],21,0.4692121148109436,0
145,[50],22,0.3479548692703247,1
145,[50],23,0.7999368906021118,0
145,[50],24,0.17037801444530487,1
145,[50],25,0.1614571213722229,1
145,[50],26,0.22280879318714142,1
145,[50],27,0.05685412883758545,1
145,[50],28,0.5553837418556213,0
145,[50],29,0.12502606213092804,1
145,[50],30,0.35256996750831604,0
145,[50],31,0.30294865369796753,0
145,[50],32,0.3155633807182312,0
145,[50],33,0.3133030831813812,0
145,[50],34,0.31969961524009705,0
145,[50],35,0.1570957601070404,1
145,[50],36,0.44645461440086365,0
145,[50],37,0.12394515424966812,1
145,[50],38,0.4378340542316437,0
145,[50],39,0.6416313648223877,0
145,[50],40,0.1166885495185852,1
145,[50],41,0.2550677955150604,1
145,[50],42,0.18723087012767792,1
145,[50],43,0.18243692815303802,1
145,[50],44,0.23053431510925293,1
145,[50],45,0.282486230134964,0
145,[50],46,0.5873167514801025,0
145,[50],47,0.120274119079113,1
145,[50],48,0.22305242717266083,1
145,[50],49,0.07740689814090729,1
145,[50],51,0.04439437761902809,1
145,[50],52,0.16572196781635284,1
145,[50],53,0.1393432468175888,1
145,[50],54,0.23836426436901093,1
145,[50],55,0.516136109828949,0
145,[50],56,0.21762029826641083,0
145,[50],57,0.1657300442457199,1
145,[50],58,0.06752492487430573,1
145,[50],59,0.40147915482521057,0
146,[17],0,0.22803835570812225,0
146,[17],1,0.31238681077957153,0
146,[17],2,0.15737421810626984,1
146,[17],3,0.0743824914097786,1
146,[17],4,0.15333765745162964,1
146,[17],5,0.043994173407554626,1
146,[17],6,0.46631836891174316,0
146,[17],7,0.2732987701892853,0
146,[17],8,0.06827256083488464,1
146,[17],9,0.2694842219352722,1
146,[17],10,0.17840951681137085,0
146,[17],11,0.11763814836740494,1
146,[17],12,0.11539734154939651,1
146,[17],13,0.2777668535709381,0
146,[17],14,0.1341126561164856,1
146,[17],15,0.11186961084604263,1
146,[17],16,0.0785057470202446,1
146,[17],18,0.025993965566158295,1
146,[17],19,0.15035392343997955,1
146,[17],20,0.35703420639038086,0
146,[17],21,0.3961593210697174,0
146,[17],22,0.23397989571094513,1
146,[17],23,0.6877893209457397,0
146,[17],24,0.12007014453411102,1
146,[17],25,0.11215323209762573,1
146,[17],26,0.3434639573097229,0
146,[17],27,0.1826775223016739,0
146,[17],28,0.35746097564697266,0
146,[17],29,0.0703137218952179,1
146,[17],30,0.2349981814622879,1
146,[17],31,0.2520584762096405,0
146,[17],32,0.24695247411727905,0
146,[17],33,0.26168298721313477,0
146,[17],34,0.21115098893642426,1
146,[17],35,0.23394712805747986,0
146,[17],36,0.21750521659851074,0
146,[17],37,0.18645745515823364,1
146,[17],38,0.3082571029663086,0
146,[17],39,0.36619865894317627,0
146,[17],40,0.2784280478954315,0
146,[17],41,0.2075338512659073,1
146,[17],42,0.15134046971797943,1
146,[17],43,0.19003266096115112,1
146,[17],44,0.15108329057693481,1
146,[17],45,0.16344855725765228,1
146,[17],46,0.5181121230125427,0
146,[17],47,0.16105836629867554,1
146,[17],48,0.1927461475133896,0
146,[17],49,0.1114489883184433,1
146,[17],50,0.33083125948905945,0
146,[17],51,0.32797831296920776,1
146,[17],52,0.18188820779323578,1
146,[17],53,0.1453215330839157,1
146,[17],54,0.11902938783168793,1
146,[17],55,0.15493084490299225,1
146,[17],56,0.1623794287443161,1
146,[17],57,0.14655570685863495,1
146,[17],58,0.04751649871468544,1
146,[17],59,0.5446509718894958,0
147,[32],0,0.3588208556175232,0
147,[32],1,0.4923458695411682,0
147,[32],2,0.2772977650165558,0
147,[32],3,0.14830155670642853,0
147,[32],4,0.24139845371246338,0
147,[32],5,0.11584137380123138,0
147,[32],6,0.5602098107337952,0
147,[32],7,0.3675420880317688,0
147,[32],8,0.15442310273647308,0
147,[32],9,0.2718226909637451,0
147,[32],10,0.08126206696033478,1
147,[32],11,0.125345841050148,1
147,[32],12,0.1512967348098755,1
147,[32],13,0.6341738700866699,0
147,[32],14,0.19599859416484833,1
147,[32],15,0.11998060345649719,1
147,[32],16,0.30147287249565125,0
147,[32],17,0.3033619821071625,0
147,[32],18,0.3344035744667053,1
147,[32],19,0.32007893919944763,0
147,[32],20,0.23566554486751556,0
147,[32],21,0.3150734007358551,0
147,[32],22,0.07218668609857559,1
147,[32],23,0.5804362297058105,0
147,[32],24,0.08464394509792328,1
147,[32],25,0.11994566768407822,0
147,[32],26,0.32277050614356995,0
147,[32],27,0.044316213577985764,1
147,[32],28,0.4308786690235138,0
147,[32],29,0.06544936448335648,1
147,[32],30,0.10108882933855057,1
147,[32],31,0.026756590232253075,1
147,[32],33,0.026565436273813248,1
147,[32],34,0.14547701179981232,1
147,[32],35,0.38492441177368164,0
147,[32],36,0.18837812542915344,1
147,[32],37,0.244193434715271,0
147,[32],38,0.21715311706066132,0
147,[32],39,0.4731677770614624,0
147,[32],40,0.2097901552915573,1
147,[32],41,0.18564586341381073,1
147,[32],42,0.17389853298664093,1
147,[32],43,0.17552673816680908,1
147,[32],44,0.2789836525917053,0
147,[32],45,0.24521341919898987,0
147,[32],46,0.3236646354198456,0
147,[32],47,0.15364313125610352,1
147,[32],48,0.11549101769924164,1
147,[32],49,0.08281615376472473,1
147,[32],50,0.3073519766330719,1
147,[32],51,0.31452327966690063,1
147,[32],52,0.15953761339187622,1
147,[32],53,0.11957275122404099,1
147,[32],54,0.1732204705476761,1
147,[32],55,0.38818106055259705,0
147,[32],56,0.242091104388237,0
147,[32],57,0.0933883786201477,1
147,[32],58,0.04970160871744156,1
147,[32],59,0.5869176983833313,0
148,[14],0,0.3191332221031189,0
148,[14],1,0.4716051518917084,0
148,[14],2,0.2420283406972885,0
148,[14],3,0.12230279296636581,0
148,[14],4,0.22061465680599213,0
148,[14],5,0.1072450578212738,1
148,[14],6,0.7012677192687988,0
148,[14],7,0.370135098695755,0
148,[14],8,0.09209657460451126,1
148,[14],9,0.3247615694999695,0
148,[14],10,0.24362778663635254,0
148,[14],11,0.12457817047834396,1
148,[14],12,0.14910660684108734,1
148,[14],13,0.4653814435005188,0
148,[14],15,0.235287606716156,1
148,[14],16,0.32046934962272644,0
148,[14],17,0.30159637331962585,1
148,[14],18,0.3544204533100128,0
148,[14],19,0.23393970727920532,0
148,[14],20,0.1928926408290863,1
148,[14],21,0.5342445969581604,0
148,[14],22,0.35565832257270813,0
148,[14],23,0.741475522518158,0
148,[14],24,0.18562856316566467,1
148,[14],25,0.16025732457637787,1
148,[14],26,0.2606644332408905,1
148,[14],27,0.10962618142366409,1
148,[14],28,0.4372383654117584,0
148,[14],29,0.11389973014593124,1
148,[14],30,0.3501311242580414,0
148,[14],31,0.3843790292739868,0
148,[14],32,0.33796462416648865,0
148,[14],33,0.3828442394733429,0
148,[14],34,0.2544720470905304,0
148,[14],35,0.25565478205680847,0
148,[14],36,0.2475697100162506,0
148,[14],37,0.246567964553833,0
148,[14],38,0.19668059051036835,0
148,[14],39,0.45077481865882874,0
148,[14],40,0.24473682045936584,1
148,[14],41,0.16856923699378967,1
148,[14],42,0.1286858171224594,1
148,[14],43,0.13582555949687958,1
148,[14],44,0.22557507455348969,1
148,[14],45,0.22050966322422028,0
148,[14],46,0.439376562833786,0
148,[14],47,0.16039812564849854,1
148,[14],48,0.1345413774251938,1
148,[14],49,0.15023285150527954,1
148,[14],50,0.28717780113220215,1
148,[14],51,0.28771457076072693,1
148,[14],52,0.12125996500253677,1
148,[14],53,0.09596109390258789,1
148,[14],54,0.16371262073516846,1
148,[14],55,0.3450966477394104,0
148,[14],56,0.23815850913524628,0
148,[14],57,0.16504603624343872,1
148,[14],58,0.06232212111353874,1
148,[14],59,0.6039006114006042,0
149,[48],0,0.29824256896972656,0
149,[48],1,0.5492093563079834,0
149,[48],2,0.34419819712638855,0
149,[48],3,0.11231525987386703,0
149,[48],4,0.20738229155540466,1
149,[48],5,0.13577501475811005,0
149,[48],6,0.22865964472293854,1
149,[48],7,0.43576890230178833,0
149,[48],8,0.1685398519039154,1
149,[48],9,0.48422735929489136,0
149,[48],10,0.18777106702327728,1
149,[48],11,0.10735851526260376,1
149,[48],12,0.12030293047428131,1
149,[48],13,0.47825855016708374,0
149,[48],14,0.12924039363861084,1
149,[48],15,0.23687948286533356,0
149,[48],16,0.5022395849227905,0
149,[48],17,0.43627873063087463,1
149,[48],18,0.4422799050807953,1
149,[48],19,0.24707071483135223,0
149,[48],20,0.22059620916843414,1
149,[48],21,0.2844047248363495,1
149,[48],22,0.2006540298461914,1
149,[48],23,0.4843745529651642,0
149,[48],24,0.17096443474292755,1
149,[48],25,0.1758810579776764,1
149,[48],26,0.24648639559745789,1
149,[48],27,0.04327451065182686,1
149,[48],28,0.4915352761745453,0
149,[48],29,0.06552370637655258,1
149,[48],30,0.29574277997016907,1
149,[48],31,0.2386275976896286,0
149,[48],32,0.25018203258514404,1
149,[48],33,0.25289779901504517,0
149,[48],34,0.26906904578208923,1
149,[48],35,0.04813973978161812,1
149,[48],36,0.33092424273490906,0
149,[48],37,0.09938570111989975,1
149,[48],38,0.3465307354927063,0
149,[48],39,0.6717694401741028,0
149,[48],40,0.0570310540497303,1
149,[48],41,0.22609558701515198,1
149,[48],42,0.16286318004131317,1
149,[48],43,0.16208243370056152,1
149,[48],44,0.25356197357177734,1
149,[48],45,0.2530210614204407,0
149,[48],46,0.434088796377182,0
149,[48],47,0.12100958824157715,1
149,[48],49,0.07477018237113953,1
149,[48],50,0.20876182615756989,1
149,[48],51,0.1877855807542801,1
149,[48],52,0.14849206805229187,1
149,[48],53,0.12115365266799927,1
149,[48],54,0.21541883051395416,1
149,[48],55,0.44151026010513306,0
149,[48],56,0.16574259102344513,1
149,[48],57,0.11202580481767654,1
149,[48],58,0.06165579706430435,1
149,[48],59,0.4975675344467163,0
150,[28],0,0.26838409900665283,0
150,[28],1,0.3781864047050476,0
150,[28],2,0.21533720195293427,0
150,[28],3,0.0972742885351181,1
150,[28],4,0.1646302491426468,1
150,[28],5,0.08843662589788437,1
150,[28],6,0.4845512807369232,0
150,[28],7,0.3331950604915619,0
150,[28],8,0.09204797446727753,1
150,[28],9,0.2843480408191681,0
150,[28],10,0.21534647047519684,0
150,[28],11,0.13774751126766205,1
150,[28],12,0.12486032396554947,1
150,[28],13,0.41700005531311035,0
150,[28],14,0.11040248721837997,1
150,[28],15,0.1314866691827774,1
150,[28],16,0.2907636761665344,1
150,[28],17,0.23148521780967712,1
150,[28],18,0.23461389541625977,1
150,[28],19,0.1864432543516159,1
150,[28],20,0.18475569784641266,1
150,[28],21,0.4786042273044586,0
150,[28],22,0.22922496497631073,1
150,[28],23,0.7011109590530396,0
150,[28],24,0.14252565801143646,1
150,[28],25,0.14995983242988586,1
150,[28],26,0.2551819384098053,1
150,[28],27,0.09925609827041626,1
150,[28],29,0.06333371251821518,1
150,[28],30,0.24447935819625854,0
150,[28],31,0.25078698992729187,0
150,[28],32,0.3009164035320282,0
150,[28],33,0.26346492767333984,0
150,[28],34,0.2587031424045563,0
150,[28],35,0.2996063530445099,0
150,[28],36,0.1933876872062683,0
150,[28],37,0.16181957721710205,0
150,[28],38,0.21373684704303741,0
150,[28],39,0.3909604251384735,0
150,[28],40,0.22162345051765442,1
150,[28],41,0.16514255106449127,1
150,[28],42,0.11561126261949539,1
150,[28],43,0.1923513412475586,1
150,[28],44,0.17977526783943176,1
150,[28],45,0.21054071187973022,0
150,[28],46,0.4801245927810669,0
150,[28],47,0.12325099110603333,1
150,[28],48,0.17539545893669128,1
150,[28],49,0.0987304151058197,1
150,[28],50,0.2910861670970917,0
150,[28],51,0.25048404932022095,1
150,[28],52,0.1562132090330124,1
150,[28],53,0.13128657639026642,1
150,[28],54,0.1499052494764328,1
150,[28],55,0.2646375894546509,0
150,[28],56,0.1792522668838501,1
150,[28],57,0.1508084535598755,1
150,[28],58,0.06654152274131775,1
150,[28],59,0.501739501953125,0
151,[35],0,0.26105356216430664,0
151,[35],1,0.2526496648788452,0
151,[35],2,0.15829682350158691,1
151,[35],3,0.1438317745923996,1
151,[35],4,0.09538386017084122,1
151,[35],5,0.06776805222034454,1
151,[35],6,0.1313551962375641,1
151,[35],7,0.20505668222904205,1
151,[35],8,0.12327726930379868,1
151,[35],9,0.4127640128135681,0
151,[35],10,0.24903108179569244,0
151,[35],11,0.09762941300868988,1
151,[35],12,0.1101788878440857,1
151,[35],13,0.38650718331336975,0
151,[35],14,0.29326263070106506,0
151,[35],15,0.2228044867515564,1
151,[35],16,0.34763988852500916,1
151,[35],17,0.3456350564956665,1
151,[35],18,0.3545680046081543,1
151,[35],19,0.17636245489120483,1
151,[35],20,0.3489934504032135,0
151,[35],21,0.41175955533981323,1
151,[35],22,0.3191654086112976,1
151,[35],23,0.6321795582771301,0
151,[35],24,0.16829635202884674,1
151,[35],25,0.14124010503292084,1
151,[35],26,0.36203619837760925,0
151,[35],27,0.1286257803440094,1
151,[35],28,0.3440604507923126,0
151,[35],29,0.24989351630210876,1
151,[35],30,0.21709294617176056,1
151,[35],31,0.2208726704120636,0
151,[35],32,0.21900519728660583,1
151,[35],33,0.22941316664218903,0
151,[35],34,0.2637859880924225,1
151,[35],36,0.3792141079902649,0
151,[35],37,0.04197544604539871,1
151,[35],38,0.5951934456825256,0
151,[35],39,0.33610808849334717,0
151,[35],40,0.3135266900062561,0
151,[35],41,0.27975255250930786,0
151,[35],42,0.21415527164936066,1
151,[35],43,0.29395055770874023,0
151,[35],44,0.18361660838127136,1
151,[35],45,0.1407364457845688,1
151,[35],46,0.4201887845993042,0
151,[35],47,0.30471745133399963,0
151,[35],48,0.13007879257202148,1
151,[35],49,0.12277644872665405,1
151,[35],50,0.38075780868530273,0
151,[35],51,0.3816451132297516,0
151,[35],52,0.186333566904068,1
151,[35],53,0.1543528437614441,1
151,[35],54,0.12725859880447388,1
151,[35],55,0.18803511559963226,1
151,[35],56,0.24090945720672607,0
151,[35],57,0.26565033197402954,1
151,[35],58,0.07131673395633698,1
151,[35],59,0.25983932614326477,0
152,[44],0,0.20931950211524963,0
152,[44],1,0.28738078474998474,0
152,[44],2,0.16537991166114807,1
152,[44],3,0.1018105074763298,1
152,[44],4,0.14622262120246887,1
152,[44],5,0.09560797363519669,1
152,[44],6,0.5358841419219971,0
152,[44],7,0.2659202814102173,0
152,[44],8,0.12606839835643768,1
152,[44],9,0.4471157193183899,0
152,[44],10,0.27528879046440125,0
152,[44],11,0.1457163393497467,1
152,[44],12,0.1802910566329956,1
152,[44],13,0.22805805504322052,1
152,[44],14,0.2201344221830368,1
152,[44],15,0.14144930243492126,1
152,[44],16,0.27557918429374695,1
152,[44],17,0.2795097827911377,1
152,[44],18,0.3006443381309509,1
152,[44],19,0.1626693159341812,1
152,[44],20,0.2950271964073181,0
152,[44],21,0.3995981216430664,0
152,[44],22,0.30089253187179565,1
152,[44],23,0.6295620203018188,0
152,[44],24,0.15176492929458618,1
152,[44],25,0.14815860986709595,1
152,[44],26,0.2917962670326233,1
152,[44],27,0.11580238491296768,1
152,[44],28,0.3226265609264374,0
152,[44],29,0.12978339195251465,1
152,[44],30,0.2677915394306183,1
152,[44],31,0.3187682628631592,0
152,[44],32,0.2825270891189575,0
152,[44],33,0.324876070022583,0
152,[44],34,0.25887447595596313,0
152,[44],35,0.15305569767951965,0
152,[44],36,0.2303091585636139,0
152,[44],37,0.16061489284038544,1
152,[44],38,0.33478522300720215,0
152,[44],39,0.30275729298591614,0
152,[44],40,0.39935302734375,0
152,[44],41,0.2565043270587921,0
152,[44],42,0.17418766021728516,1
152,[44],43,0.18034087121486664,1
152,[44],45,0.17204055190086365,1
152,[44],46,0.426632285118103,0
152,[44],47,0.1898747831583023,0
152,[44],48,0.19638177752494812,1
152,[44],49,0.12254498898983002,1
152,[44],50,0.4078792333602905,0
152,[44],51,0.41092053055763245,0
152,[44],52,0.13102948665618896,1
152,[44],53,0.10706392675638199,1
152,[44],54,0.13098858296871185,1
152,[44],55,0.13882754743099213,1
152,[44],56,0.19898658990859985,1
152,[44],57,0.28215572237968445,1
152,[44],58,0.09113287925720215,1
152,[44],59,0.4425663948059082,0
153,[6],0,0.354173868894577,0
153,[6],1,0.31756672263145447,0
153,[6],2,0.302640438079834,0
153,[6],3,0.1603589653968811,1
153,[6],4,0.1888033151626587,1
153,[6],5,0.12735417485237122,1
153,[6],7,0.24659954011440277,1
153,[6],8,0.13739827275276184,1
153,[6],9,0.37743905186653137,0
153,[6],10,0.23913238942623138,1
153,[6],11,0.16191478073596954,1
153,[6],12,0.12947049736976624,1
153,[6],13,0.3659345209598541,1
153,[6],14,0.20373894274234772,1
153,[6],15,0.2610485851764679,1
153,[6],16,0.35270172357559204,1
153,[6],17,0.3623187839984894,1
153,[6],18,0.3731364905834198,1
153,[6],19,0.22027206420898438,1
153,[6],20,0.3368869125843048,1
153,[6],21,0.47060146927833557,0
153,[6],22,0.42914271354675293,1
153,[6],23,0.8797889947891235,0
153,[6],24,0.20305243134498596,1
153,[6],25,0.17926636338233948,1
153,[6],26,0.3756132125854492,1
153,[6],27,0.10425736010074615,1
153,[6],28,0.3950449526309967,0
153,[6],29,0.19882704317569733,1
153,[6],30,0.3311741352081299,1
153,[6],31,0.30910545587539673,0
153,[6],32,0.32119300961494446,0
153,[6],33,0.316179096698761,0
153,[6],34,0.28985151648521423,0
153,[6],35,0.1243482381105423,1
153,[6],36,0.33021360635757446,0
153,[6],37,0.08426599204540253,1
153,[6],38,0.4243548512458801,0
153,[6],39,0.3962410092353821,0
153,[6],40,0.289614200592041,0
153,[6],41,0.21330508589744568,1
153,[6],42,0.16476953029632568,1
153,[6],43,0.22215354442596436,1
153,[6],44,0.2502400577068329,1
153,[6],45,0.1744382381439209,1
153,[6],46,0.5177898406982422,0
153,[6],47,0.16359832882881165,1
153,[6],48,0.224668949842453,1
153,[6],49,0.10928035527467728,1
153,[6],50,0.3064143657684326,0
153,[6],51,0.30571484565734863,1
153,[6],52,0.16522178053855896,1
153,[6],53,0.1379004716873169,1
153,[6],54,0.21697278320789337,1
153,[6],55,0.28622278571128845,0
153,[6],56,0.20612983405590057,1
153,[6],57,0.24678762257099152,1
153,[6],58,0.09618707746267319,1
153,[6],59,0.6815300583839417,0
154,[30],0,0.30802828073501587,0
154,[30],1,0.5349965691566467,0
154,[30],2,0.29252976179122925,0
154,[30],3,0.14180175960063934,0
154,[30],4,0.246895432472229,0
154,[30],5,0.10436820238828659,0
154,[30],6,0.7512006759643555,0
154,[30],7,0.4737932085990906,0
154,[30],8,0.15963076055049896,1
154,[30],9,0.4023051857948303,0
154,[30],10,0.18622709810733795,0
154,[30],11,0.13191266357898712,1
154,[30],12,0.18338201940059662,0
154,[30],13,0.616325855255127,0
154,[30],14,0.24166114628314972,0
154,[30],15,0.11573612689971924,1
154,[30],16,0.3090550899505615,0
154,[30],17,0.31160327792167664,0
154,[30],18,0.30930474400520325,0
154,[30],19,0.34023144841194153,0
154,[30],20,0.1941343992948532,1
154,[30],21,0.3068446218967438,0
154,[30],22,0.13652434945106506,1
154,[30],23,0.5940454602241516,0
154,[30],24,0.11861152946949005,1
154,[30],25,0.17627158761024475,1
154,[30],26,0.2751690745353699,1
154,[30],27,0.032445866614580154,1
154,[30],28,0.4114497900009155,0
154,[30],29,0.055083904415369034,1
154,[30],31,0.08806806057691574,1
154,[30],32,0.09972216933965683,1
154,[30],33,0.09824834018945694,1
154,[30],34,0.14072957634925842,1
154,[30],35,0.4417106807231903,0
154,[30],36,0.22918391227722168,1
154,[30],37,0.25091251730918884,1
154,[30],38,0.2652946412563324,0
154,[30],39,0.5974313020706177,0
154,[30],40,0.18555685877799988,1
154,[30],41,0.18567848205566406,1
154,[30],42,0.19415819644927979,1
154,[30],43,0.20815901458263397,0
154,[30],44,0.2727782130241394,0
154,[30],45,0.28500470519065857,0
154,[30],46,0.4766108989715576,0
154,[30],47,0.1621682196855545,1
154,[30],48,0.12768979370594025,1
154,[30],49,0.07627201825380325,1
154,[30],50,0.25282296538352966,1
154,[30],51,0.26729536056518555,1
154,[30],52,0.16543273627758026,1
154,[30],53,0.13507473468780518,1
154,[30],54,0.19921797513961792,0
154,[30],55,0.4380151331424713,0
154,[30],56,0.376756876707077,0
154,[30],57,0.10510502755641937,1
154,[30],58,0.050046518445014954,1
154,[30],59,0.7982404828071594,0
155,[33],0,0.3871590495109558,0
155,[33],1,0.5285422801971436,0
155,[33],2,0.32173651456832886,0
155,[33],3,0.16138824820518494,0
155,[33],4,0.2646090090274811,0
155,[33],5,0.14318838715553284,0
155,[33],6,0.6355913281440735,0
155,[33],7,0.387546569108963,0
155,[33],8,0.17932634055614471,0
155,[33],9,0.36894726753234863,0
155,[33],10,0.09734344482421875,1
155,[33],11,0.12189565598964691,1
155,[33],12,0.15949997305870056,0
155,[33],13,0.6703649163246155,0
155,[33],14,0.1863456517457962,1
155,[33],15,0.15905965864658356,1
155,[33],16,0.3941921889781952,0
155,[33],17,0.3875371813774109,0
155,[33],18,0.42403995990753174,0
155,[33],19,0.3504190146923065,0
155,[33],20,0.2679620087146759,1
155,[33],21,0.37867501378059387,0
155,[33],22,0.11080034077167511,1
155,[33],23,0.6074687242507935,0
155,[33],24,0.10442127287387848,1
155,[33],25,0.13764145970344543,1
155,[33],26,0.3826715052127838,0
155,[33],27,0.05785844475030899,1
155,[33],28,0.48384222388267517,0
155,[33],29,0.07980087399482727,1
155,[33],30,0.14148707687854767,1
155,[33],31,0.08258117735385895,1
155,[33],32,0.055244576185941696,1
155,[33],34,0.2168816179037094,1
155,[33],35,0.36843985319137573,0
155,[33],36,0.23695340752601624,1
155,[33],37,0.24698512256145477,1
155,[33],38,0.22387345135211945,0
155,[33],39,0.4929887354373932,0
155,[33],40,0.1995438039302826,1
155,[33],41,0.20681233704090118,1
155,[33],42,0.19201689958572388,1
155,[33],43,0.18473100662231445,1
155,[33],44,0.2990114390850067,0
155,[33],45,0.29585739970207214,0
155,[33],46,0.4093880355358124,0
155,[33],47,0.18356245756149292,1
155,[33],48,0.12876436114311218,1
155,[33],49,0.08038945496082306,1
155,[33],50,0.31609946489334106,1
155,[33],51,0.331498384475708,1
155,[33],52,0.17094145715236664,1
155,[33],53,0.13515542447566986,1
155,[33],54,0.22483600676059723,0
155,[33],55,0.4411454200744629,0
155,[33],56,0.2970498204231262,0
155,[33],57,0.09362465143203735,1
155,[33],58,0.054265838116407394,1
155,[33],59,0.6451600790023804,0
156,[46],0,0.23656320571899414,0
156,[46],1,0.32401522994041443,0
156,[46],2,0.23871934413909912,0
156,[46],3,0.1286497712135315,1
156,[46],4,0.23418819904327393,1
156,[46],5,0.1322726607322693,1
156,[46],6,0.7269220352172852,0
156,[46],7,0.35067492723464966,0
156,[46],8,0.2142016738653183,1
156,[46],9,0.2662941813468933,1
156,[46],10,0.25214245915412903,0
156,[46],11,0.12442594021558762,1
156,[46],12,0.1320544332265854,1
156,[46],13,0.4466291069984436,0
156,[46],14,0.2654418647289276,1
156,[46],15,0.1452305167913437,1
156,[46],16,0.2926467955112457,0
156,[46],17,0.2884652018547058,1
156,[46],18,0.3049720823764801,1
156,[46],19,0.23142777383327484,1
156,[46],20,0.3592068552970886,0
156,[46],21,0.662124752998352,0
156,[46],22,0.4879623055458069,0
156,[46],23,0.8300600051879883,0
156,[46],24,0.19610582292079926,1
156,[46],25,0.1667003333568573,1
156,[46],26,0.35027021169662476,1
156,[46],27,0.16184236109256744,1
156,[46],28,0.422818660736084,0
156,[46],29,0.23263193666934967,1
156,[46],30,0.29287779331207275,1
156,[46],31,0.4043183922767639,0
156,[46],32,0.3573758900165558,0
156,[46],33,0.3938904404640198,0
156,[46],34,0.15843436121940613,1
156,[46],35,0.32493856549263,0
156,[46],36,0.22747711837291718,0
156,[46],37,0.20430895686149597,0
156,[46],38,0.27168819308280945,0
156,[46],39,0.3363788425922394,0
156,[46],40,0.3312491774559021,0
156,[46],41,0.19646571576595306,1
156,[46],42,0.15240462124347687,1
156,[46],43,0.2728452980518341,0
156,[46],44,0.2850690484046936,0
156,[46],45,0.22229868173599243,0
156,[46],47,0.1840171068906784,0
156,[46],48,0.1603780835866928,0
156,[46],49,0.19214046001434326,1
156,[46],50,0.4519423246383667,0
156,[46],51,0.4308272898197174,0
156,[46],52,0.22464264929294586,0
156,[46],53,0.18908895552158356,0
156,[46],54,0.15053141117095947,1
156,[46],55,0.42898112535476685,0
156,[46],56,0.34953710436820984,0
156,[46],57,0.19372132420539856,1
156,[46],58,0.09478133171796799,1
156,[46],59,0.3658841848373413,0
157,[59],0,0.3079988360404968,0
157,[59],1,0.43113669753074646,0
157,[59],2,0.2813745439052582,0
157,[59],3,0.10895375162363052,1
157,[59],4,0.27509841322898865,1
157,[59],5,0.13460052013397217,1
157,[59],6,0.42351531982421875,1
157,[59],7,0.5366867184638977,0
157,[59],8,0.11398089677095413,1
157,[59],9,0.4555704593658447,0
157,[59],10,0.3788226544857025,0
157,[59],11,0.10885659605264664,1
157,[59],12,0.16658753156661987,1
157,[59],13,0.4709533751010895,0
157,[59],14,0.41282036900520325,0
157,[59],15,0.16990350186824799,1
157,[59],16,0.3734786808490753,0
157,[59],17,0.3620089590549469,1
157,[59],18,0.3707434833049774,1
157,[59],19,0.19016097486019135,1
157,[59],20,0.42206865549087524,1
157,[59],21,0.9339963793754578,0
157,[59],22,0.39117780327796936,1
157,[59],23,1.1169235706329346,0
157,[59],24,0.24713917076587677,1
157,[59],25,0.21108850836753845,1
157,[59],26,0.40006083250045776,1
157,[59],27,0.13147960603237152,1
157,[59],28,0.40291473269462585,0
157,[59],29,0.24460603296756744,1
157,[59],30,0.2850070595741272,1
157,[59],31,0.3943229913711548,0
157,[59],32,0.29242080450057983,0
157,[59],33,0.39059963822364807,0
157,[59],34,0.26148560643196106,0
157,[59],35,0.26203852891921997,0
157,[59],36,0.2746855914592743,0
157,[59],37,0.1217944473028183,1
157,[59],38,0.4326854944229126,0
157,[59],39,0.30124348402023315,0
157,[59],40,0.31033048033714294,0
157,[59],41,0.23076744377613068,0
157,[59],42,0.19468563795089722,1
157,[59],43,0.19365060329437256,1
157,[59],44,0.17016547918319702,1
157,[59],45,0.1693756878376007,1
157,[59],46,0.4308566153049469,0
157,[59],47,0.36047518253326416,0
157,[59],48,0.2134435921907425,0
157,[59],49,0.13057918846607208,1
157,[59],50,0.45505592226982117,0
157,[59],51,0.5058369040489197,0
157,[59],52,0.21782712638378143,1
157,[59],53,0.17636093497276306,1
157,[59],54,0.1885688602924347,1
157,[59],55,0.32827290892601013,0
157,[59],56,0.28301912546157837,0
157,[59],57,0.3451024293899536,1
157,[59],58,0.05956025794148445,1
158,[57],0,0.4084419310092926,0
158,[57],1,0.8193105459213257,0
158,[57],2,0.4224261939525604,0
158,[57],3,0.11356199532747269,1
158,[57],4,0.36377060413360596,0
158,[57],5,0.1905485987663269,0
158,[57],6,1.1084239482879639,0
158,[57],7,0.8009206652641296,0
158,[57],8,0.1901244819164276,1
158,[57],9,0.4018767476081848,0
158,[57],10,0.21121232211589813,0
158,[57],11,0.21594631671905518,1
158,[57],12,0.22363145649433136,0
158,[57],13,0.3884437084197998,0
158,[57],14,0.37476664781570435,0
158,[57],15,0.1899372935295105,0
158,[57],16,0.41261351108551025,0
158,[57],17,0.38341695070266724,0
158,[57],18,0.36883437633514404,0
158,[57],19,0.3720877170562744,0
158,[57],20,0.17636975646018982,1
158,[57],21,1.0296939611434937,0
158,[57],22,0.34883376955986023,1
158,[57],23,0.4942522943019867,0
158,[57],24,0.22663433849811554,0
158,[57],25,0.22944657504558563,0
158,[57],26,0.33506089448928833,1
158,[57],27,0.030604099854826927,1
158,[57],28,0.44993874430656433,0
158,[57],29,0.2948459982872009,1
158,[57],30,0.23382078111171722,0
158,[57],31,0.17576327919960022,1
158,[57],32,0.1800728738307953,1
158,[57],33,0.18678687512874603,1
158,[57],34,0.16896507143974304,0
158,[57],35,0.7181798219680786,0
158,[57],36,0.29869624972343445,0
158,[57],37,0.36559829115867615,0
158,[57],38,0.30998456478118896,0
158,[57],39,0.7262617945671082,0
158,[57],40,0.0775003656744957,1
158,[57],41,0.2557830512523651,0
158,[57],42,0.24626319110393524,0
158,[57],43,0.24948382377624512,0
158,[57],44,0.39808210730552673,0
158,[57],45,0.361908495426178,0
158,[57],46,0.8048434257507324,0
158,[57],47,0.0625421330332756,1
158,[57],48,0.08617530763149261,1
158,[57],49,0.030272357165813446,1
158,[57],50,0.5436694025993347,1
158,[57],51,0.5526252388954163,1
158,[57],52,0.0472315289080143,1
158,[57],53,0.04044304043054581,1
158,[57],54,0.3841905891895294,0
158,[57],55,0.6109340786933899,0
158,[57],56,0.4934038817882538,0
158,[57],58,0.07953015714883804,1
158,[57],59,0.7536874413490295,0
159,[40],0,0.5012743473052979,0
159,[40],1,0.8554617762565613,0
159,[40],2,0.3401411473751068,0
159,[40],3,0.12978850305080414,1
159,[40],4,0.2389792650938034,0
159,[40],5,0.14573314785957336,1
159,[40],6,0.5974160432815552,0
159,[40],7,0.7731233835220337,0
159,[40],8,0.11625801026821136,1
159,[40],9,0.38101300597190857,0
159,[40],10,0.32260242104530334,0
159,[40],11,0.10179726034402847,1
159,[40],12,0.11306557804346085,1
159,[40],13,0.5912193059921265,0
159,[40],14,0.10015310347080231,1
159,[40],15,0.10828357934951782,1
159,[40],16,0.32396355271339417,0
159,[40],17,0.3142710030078888,0
159,[40],18,0.3285611569881439,0
159,[40],19,0.33311495184898376,0
159,[40],20,0.2621982991695404,0
159,[40],21,1.0159270763397217,0
159,[40],22,0.19892317056655884,1
159,[40],23,0.7803123593330383,0
159,[40],24,0.16146087646484375,1
159,[40],25,0.17045721411705017,0
159,[40],26,0.28814131021499634,1
159,[40],27,0.03556608408689499,1
159,[40],28,0.44193506240844727,0
159,[40],29,0.24476638436317444,1
159,[40],30,0.24377328157424927,1
159,[40],31,0.2803175747394562,0
159,[40],32,0.2551855444908142,0
159,[40],33,0.30460304021835327,0
159,[40],34,0.26266857981681824,0
159,[40],35,0.6199122071266174,0
159,[40],36,0.19347499310970306,0
159,[40],37,0.3005538582801819,0
159,[40],38,0.21272385120391846,0
159,[40],39,0.29954850673675537,0
159,[40],41,0.1741466224193573,1
159,[40],42,0.12292778491973877,1
159,[40],43,0.19996143877506256,0
159,[40],44,0.3584229648113251,0
159,[40],45,0.16735048592090607,0
159,[40],46,0.6103992462158203,0
159,[40],47,0.08919712901115417,1
159,[40],48,0.1964312642812729,0
159,[40],49,0.11000894010066986,1
159,[40],50,0.3199257552623749,0
159,[40],51,0.32195204496383667,0
159,[40],52,0.11245204508304596,1
159,[40],53,0.07582338899374008,1
159,[40],54,0.13248737156391144,1
159,[40],55,0.601702094078064,0
159,[40],56,0.28570887446403503,0
159,[40],57,0.1649608314037323,1
159,[40],58,0.08520381152629852,1
159,[40],59,0.5112272500991821,0
160,[29],0,0.43780317902565,0
160,[29],1,0.5930648446083069,0
160,[29],2,0.3119306266307831,0
160,[29],3,0.12115760892629623,0
160,[29],4,0.3494482636451721,0
160,[29],5,0.1266392469406128,1
160,[29],6,0.8115504384040833,0
160,[29],7,0.6301173567771912,0
160,[29],8,0.10812071710824966,1
160,[29],9,0.346235066652298,0
160,[29],10,0.2679802179336548,0
160,[29],11,0.203668475151062,1
160,[29],12,0.168478861451149,1
160,[29],13,0.6847583055496216,0
160,[29],14,0.3192770779132843,0
160,[29],15,0.25418469309806824,0
160,[29],16,0.4480755925178528,0
160,[29],17,0.412814736366272,0
160,[29],18,0.4451773464679718,0
160,[29],19,0.43222224712371826,0
160,[29],20,0.12429244816303253,1
160,[29],21,0.6755942106246948,0
160,[29],22,0.24061763286590576,1
160,[29],23,0.47284531593322754,0
160,[29],24,0.2400687038898468,1
160,[29],25,0.23381774127483368,1
160,[29],26,0.284249484539032,1
160,[29],27,0.04038545861840248,1
160,[29],28,0.5776219964027405,0
160,[29],30,0.36099448800086975,0
160,[29],31,0.2736762464046478,0
160,[29],32,0.2464340478181839,0
160,[29],33,0.27523449063301086,0
160,[29],34,0.2697945237159729,0
160,[29],35,0.5790289044380188,0
160,[29],36,0.33609476685523987,0
160,[29],37,0.3022061586380005,0
160,[29],38,0.31758129596710205,0
160,[29],39,0.7869892716407776,0
160,[29],40,0.0971648246049881,1
160,[29],41,0.2501048743724823,0
160,[29],42,0.24866048991680145,0
160,[29],43,0.2559809684753418,0
160,[29],44,0.3743588328361511,0
160,[29],45,0.35454869270324707,0
160,[29],46,0.6605448722839355,0
160,[29],47,0.07745935767889023,1
160,[29],48,0.1721917688846588,1
160,[29],49,0.03548610582947731,1
160,[29],50,0.467752605676651,0
160,[29],51,0.44173726439476013,0
160,[29],52,0.05858682841062546,1
160,[29],53,0.0489782989025116,1
160,[29],54,0.2978935241699219,1
160,[29],55,0.6164506077766418,0
160,[29],56,0.6076918244361877,0
160,[29],57,0.09853983670473099,1
160,[29],58,0.1069418266415596,1
160,[29],59,1.0308253765106201,0
161,[19],0,0.1487158089876175,0
161,[19],1,0.19852718710899353,1
161,[19],2,0.1630985140800476,0
161,[19],3,0.08011384308338165,1
161,[19],4,0.15092293918132782,1
161,[19],5,0.06737912446260452,1
161,[19],6,0.7212809324264526,0
161,[19],7,0.20061610639095306,0
161,[19],8,0.11702632904052734,1
161,[19],9,0.29414597153663635,0
161,[19],10,0.335895836353302,0
161,[19],11,0.14488032460212708,1
161,[19],12,0.13665913045406342,1
161,[19],13,0.182096466422081,1
161,[19],14,0.15205118060112,1
161,[19],15,0.08836258202791214,1
161,[19],16,0.18505796790122986,0
161,[19],17,0.18554596602916718,1
161,[19],18,0.19469748437404633,1
161,[19],20,0.21819427609443665,1
161,[19],21,0.4814247190952301,0
161,[19],22,0.22824633121490479,0
161,[19],23,0.9939054250717163,0
161,[19],24,0.12851016223430634,1
161,[19],25,0.12166787683963776,1
161,[19],26,0.2681605815887451,0
161,[19],27,0.11856457591056824,1
161,[19],28,0.282370388507843,0
161,[19],29,0.12635129690170288,1
161,[19],30,0.19404886662960052,0
161,[19],31,0.22503598034381866,0
161,[19],32,0.22259820997714996,0
161,[19],33,0.21957427263259888,0
161,[19],34,0.21382606029510498,0
161,[19],35,0.15431427955627441,0
161,[19],36,0.1846919059753418,0
161,[19],37,0.16474343836307526,1
161,[19],38,0.35753393173217773,0
161,[19],39,0.3265853524208069,0
161,[19],40,0.34768012166023254,0
161,[19],41,0.24380993843078613,0
161,[19],42,0.18598054349422455,1
161,[19],43,0.19246183335781097,1
161,[19],44,0.16083842515945435,1
161,[19],45,0.12925182282924652,1
161,[19],46,0.48758843541145325,0
161,[19],47,0.13922862708568573,1
161,[19],48,0.1621890813112259,0
161,[19],49,0.1796647310256958,0
161,[19],50,0.4516163170337677,0
161,[19],51,0.49637851119041443,0
161,[19],52,0.14111654460430145,0
161,[19],53,0.10928243398666382,1
161,[19],54,0.10358681529760361,1
161,[19],55,0.10847892612218857,1
161,[19],56,0.20634372532367706,0
161,[19],57,0.19900083541870117,1
161,[19],58,0.07968829572200775,1
161,[19],59,0.4598907232284546,0
162,[20],0,0.28884753584861755,0
162,[20],1,0.5657069683074951,0
162,[20],2,0.3072790503501892,0
162,[20],3,0.09040354192256927,1
162,[20],4,0.26727989315986633,0
162,[20],5,0.14188075065612793,0
162,[20],6,0.6399492025375366,0
162,[20],7,0.5470272302627563,0
162,[20],8,0.11322558671236038,1
162,[20],9,0.3741397559642792,0
162,[20],10,0.3241126239299774,0
162,[20],11,0.1427474319934845,1
162,[20],12,0.1829877346754074,0
162,[20],13,0.48230570554733276,0
162,[20],14,0.26701852679252625,0
162,[20],15,0.24002723395824432,0
162,[20],16,0.34221693873405457,0
162,[20],17,0.3146830201148987,0
162,[20],18,0.31105944514274597,0
162,[20],19,0.3764723837375641,0
162,[20],21,0.3541084825992584,0
162,[20],22,0.1979372799396515,1
162,[20],23,0.6996244192123413,0
162,[20],24,0.20410510897636414,0
162,[20],25,0.21378867328166962,0
162,[20],26,0.3492468595504761,1
162,[20],27,0.06782574206590652,1
162,[20],28,0.5581804513931274,0
162,[20],29,0.06369924545288086,1
162,[20],30,0.2256339192390442,1
162,[20],31,0.21100476384162903,1
162,[20],32,0.2041616588830948,1
162,[20],33,0.21854986250400543,1
162,[20],34,0.2522585093975067,0
162,[20],35,0.4940680265426636,0
162,[20],36,0.22680369019508362,0
162,[20],37,0.2123907506465912,0
162,[20],38,0.2148987352848053,0
162,[20],39,0.462958961725235,0
162,[20],40,0.11421729624271393,1
162,[20],41,0.21567878127098083,0
162,[20],42,0.21950463950634003,0
162,[20],43,0.13935913145542145,1
162,[20],44,0.27034661173820496,0
162,[20],45,0.2964150607585907,0
162,[20],46,0.6279167532920837,0
162,[20],47,0.12963002920150757,1
162,[20],48,0.185588538646698,1
162,[20],49,0.05918792262673378,1
162,[20],50,0.3643322288990021,0
162,[20],51,0.36001870036125183,0
162,[20],52,0.10348403453826904,1
162,[20],53,0.09121620655059814,1
162,[20],54,0.1930120885372162,0
162,[20],55,0.49459463357925415,0
162,[20],56,0.3513251841068268,0
162,[20],57,0.06561779975891113,1
162,[20],58,0.12296220660209656,1
162,[20],59,0.9323570132255554,0
163,[46],0,0.23656320571899414,0
163,[46],1,0.32401522994041443,0
163,[46],2,0.23871934413909912,0
163,[46],3,0.1286497712135315,1
163,[46],4,0.23418819904327393,1
163,[46],5,0.1322726607322693,1
163,[46],6,0.7269220352172852,0
163,[46],7,0.35067492723464966,0
163,[46],8,0.2142016738653183,1
163,[46],9,0.2662941813468933,1
163,[46],10,0.25214245915412903,0
163,[46],11,0.12442594021558762,1
163,[46],12,0.1320544332265854,1
163,[46],13,0.4466291069984436,0
163,[46],14,0.2654418647289276,1
163,[46],15,0.1452305167913437,1
163,[46],16,0.2926467955112457,0
163,[46],17,0.2884652018547058,1
163,[46],18,0.3049720823764801,1
163,[46],19,0.23142777383327484,1
163,[46],20,0.3592068552970886,0
163,[46],21,0.662124752998352,0
163,[46],22,0.4879623055458069,0
163,[46],23,0.8300600051879883,0
163,[46],24,0.19610582292079926,1
163,[46],25,0.1667003333568573,1
163,[46],26,0.35027021169662476,1
163,[46],27,0.16184236109256744,1
163,[46],28,0.422818660736084,0
163,[46],29,0.23263193666934967,1
163,[46],30,0.29287779331207275,1
163,[46],31,0.4043183922767639,0
163,[46],32,0.3573758900165558,0
163,[46],33,0.3938904404640198,0
163,[46],34,0.15843436121940613,1
163,[46],35,0.32493856549263,0
163,[46],36,0.22747711837291718,0
163,[46],37,0.20430895686149597,0
163,[46],38,0.27168819308280945,0
163,[46],39,0.3363788425922394,0
163,[46],40,0.3312491774559021,0
163,[46],41,0.19646571576595306,1
163,[46],42,0.15240462124347687,1
163,[46],43,0.2728452980518341,0
163,[46],44,0.2850690484046936,0
163,[46],45,0.22229868173599243,0
163,[46],47,0.1840171068906784,0
163,[46],48,0.1603780835866928,0
163,[46],49,0.19214046001434326,1
163,[46],50,0.4519423246383667,0
163,[46],51,0.4308272898197174,0
163,[46],52,0.22464264929294586,0
163,[46],53,0.18908895552158356,0
163,[46],54,0.15053141117095947,1
163,[46],55,0.42898112535476685,0
163,[46],56,0.34953710436820984,0
163,[46],57,0.19372132420539856,1
163,[46],58,0.09478133171796799,1
163,[46],59,0.3658841848373413,0
164,[47],0,0.2847587466239929,0
164,[47],1,0.5415214896202087,0
164,[47],2,0.3349161148071289,0
164,[47],3,0.19495418667793274,1
164,[47],4,0.2931622862815857,1
164,[47],5,0.17271825671195984,0
164,[47],6,0.9653635025024414,0
164,[47],7,0.4826662838459015,0
164,[47],8,0.18433332443237305,1
164,[47],9,0.38990873098373413,0
164,[47],10,0.28776320815086365,0
164,[47],11,0.133510559797287,1
164,[47],12,0.1751806139945984,1
164,[47],13,0.6170739531517029,0
164,[47],14,0.26805633306503296,1
164,[47],15,0.1633371263742447,1
164,[47],16,0.5535233020782471,0
164,[47],17,0.6085054874420166,0
164,[47],18,0.6367543935775757,0
164,[47],19,0.24396753311157227,0
164,[47],20,0.5419134497642517,0
164,[47],21,1.4734104871749878,0
164,[47],22,0.4698171019554138,1
164,[47],23,0.9706777334213257,0
164,[47],24,0.3208145499229431,0
164,[47],25,0.24110260605812073,0
164,[47],26,0.6084547638893127,1
164,[47],27,0.08279957622289658,1
164,[47],28,0.4632885158061981,0
164,[47],29,0.1763605922460556,1
164,[47],30,0.2276930809020996,1
164,[47],31,0.2894219160079956,0
164,[47],32,0.31171655654907227,0
164,[47],33,0.33825719356536865,0
164,[47],34,0.2785852253437042,0
164,[47],35,0.5087754130363464,0
164,[47],36,0.27730631828308105,0
164,[47],37,0.2388290911912918,0
164,[47],38,0.3681541681289673,0
164,[47],39,0.45907920598983765,0
164,[47],40,0.15018871426582336,1
164,[47],41,0.22609637677669525,1
164,[47],42,0.20242543518543243,1
164,[47],43,0.19960808753967285,1
164,[47],44,0.37069419026374817,0
164,[47],45,0.28195908665657043,0
164,[47],46,0.5415729284286499,0
164,[47],48,0.04870184138417244,1
164,[47],49,0.11696890741586685,1
164,[47],50,0.38720592856407166,1
164,[47],51,0.345819890499115,0
164,[47],52,0.18418961763381958,1
164,[47],53,0.16356389224529266,1
164,[47],54,0.20356759428977966,0
164,[47],55,0.52782142162323,0
164,[47],56,0.5163838267326355,0
164,[47],57,0.13175393640995026,1
164,[47],58,0.10143318772315979,1
164,[47],59,0.7167876958847046,0
165,[4],0,0.14003947377204895,1
165,[4],1,0.14116887748241425,1
165,[4],2,0.11193329095840454,1
165,[4],3,0.06083036586642265,1
165,[4],5,0.02721150405704975,1
165,[4],6,0.34021830558776855,0
165,[4],7,0.15109016001224518,1
165,[4],8,0.05344463512301445,1
165,[4],9,0.2963252663612366,0
165,[4],10,0.2589779496192932,0
165,[4],11,0.13476261496543884,0
165,[4],12,0.07105424255132675,1
165,[4],13,0.14144206047058105,1
165,[4],14,0.13492998480796814,1
165,[4],15,0.12813977897167206,1
165,[4],16,0.1431867927312851,1
165,[4],17,0.13471730053424835,1
165,[4],18,0.12789437174797058,1
165,[4],19,0.11165079474449158,1
165,[4],20,0.1911979466676712,0
165,[4],21,0.24534212052822113,0
165,[4],22,0.2000221312046051,0
165,[4],23,0.8051243424415588,0
165,[4],24,0.06643182784318924,1
165,[4],25,0.07542601972818375,1
165,[4],26,0.21325986087322235,1
165,[4],27,0.06993546336889267,1
165,[4],28,0.2716887593269348,0
165,[4],29,0.1468563675880432,1
165,[4],30,0.18540708720684052,0
165,[4],31,0.23684599995613098,0
165,[4],32,0.2509703040122986,0
165,[4],33,0.24289655685424805,0
165,[4],34,0.11002995818853378,1
165,[4],35,0.13821078836917877,0
165,[4],36,0.16228386759757996,1
165,[4],37,0.1441642791032791,1
165,[4],38,0.4034501314163208,0
165,[4],39,0.26855435967445374,0
165,[4],40,0.29821842908859253,0
165,[4],41,0.17151929438114166,1
165,[4],42,0.10765006393194199,1
165,[4],43,0.11371978372335434,1
165,[4],44,0.14307935535907745,0
165,[4],45,0.09095180779695511,1
165,[4],46,0.31717729568481445,0
165,[4],47,0.10315605252981186,1
165,[4],48,0.19683972001075745,0
165,[4],49,0.09536401927471161,1
165,[4],50,0.4153521955013275,0
165,[4],51,0.4690297245979309,0
165,[4],52,0.12932606041431427,1
165,[4],53,0.10207504034042358,1
165,[4],54,0.06396152824163437,1
165,[4],55,0.07194044440984726,1
165,[4],56,0.12790623307228088,1
165,[4],57,0.12469494342803955,1
165,[4],58,0.05051497370004654,1
165,[4],59,0.7265755534172058,0
166,[53],0,0.397689551115036,0
166,[53],1,0.6424819827079773,0
166,[53],2,0.3914928734302521,0
166,[53],3,0.17409364879131317,0
166,[53],4,0.2994779050350189,0
166,[53],5,0.2677127718925476,0
166,[53],6,1.0395535230636597,0
166,[53],7,0.6453044414520264,0
166,[53],8,0.10693952441215515,1
166,[53],9,0.36701053380966187,0
166,[53],10,0.2577081322669983,0
166,[53],11,0.11481738090515137,1
166,[53],12,0.15424686670303345,0
166,[53],13,0.7076362371444702,0
166,[53],14,0.09885791689157486,1
166,[53],15,0.24909324944019318,0
166,[53],16,0.29073312878608704,0
166,[53],17,0.32560819387435913,0
166,[53],18,0.4862714111804962,0
166,[53],19,0.4674544930458069,0
166,[53],20,0.24425667524337769,0
166,[53],21,0.6714662909507751,1
166,[53],22,0.5478404760360718,1
166,[53],23,0.7002410888671875,0
166,[53],24,0.21579161286354065,1
166,[53],25,0.22129777073860168,0
166,[53],26,0.4259161055088043,1
166,[53],27,0.08008576929569244,1
166,[53],28,0.6353104114532471,0
166,[53],29,0.15433870255947113,1
166,[53],30,0.1210479661822319,1
166,[53],31,0.3060759902000427,1
166,[53],32,0.2778984010219574,1
166,[53],33,0.30245688557624817,1
166,[53],34,0.12904036045074463,0
166,[53],35,0.562899112701416,0
166,[53],36,0.14162638783454895,0
166,[53],37,0.325094610452652,0
166,[53],38,0.15467220544815063,1
166,[53],39,0.49831390380859375,0
166,[53],40,0.06309178471565247,1
166,[53],41,0.19025087356567383,0
166,[53],42,0.19747434556484222,0
166,[53],43,0.1743723601102829,0
166,[53],44,0.40608516335487366,0
166,[53],45,0.3139593303203583,0
166,[53],46,0.34961068630218506,0
166,[53],47,0.08925269544124603,1
166,[53],48,0.08015517890453339,1
166,[53],49,0.07330095022916794,1
166,[53],50,0.3065284192562103,1
166,[53],51,0.3259926438331604,1
166,[53],52,0.017977159470319748,1
166,[53],54,0.356324702501297,0
166,[53],55,0.6864842772483826,0
166,[53],56,0.4638396203517914,0
166,[53],57,0.16720306873321533,1
166,[53],58,0.13102056086063385,1
166,[53],59,0.44145938754081726,0
167,[15],0,0.36243629455566406,0
167,[15],1,0.5195592045783997,0
167,[15],2,0.3190597593784332,0
167,[15],3,0.1437975913286209,1
167,[15],4,0.2445012480020523,1
167,[15],5,0.1270410120487213,1
167,[15],6,0.7270221710205078,0
167,[15],7,0.4341074824333191,0
167,[15],8,0.21506379544734955,1
167,[15],9,0.4718700349330902,0
167,[15],10,0.3030579686164856,0
167,[15],11,0.25263646245002747,1
167,[15],12,0.2032260149717331,1
167,[15],13,0.5590405464172363,0
167,[15],14,0.47793203592300415,1
167,[15],16,0.30483004450798035,0
167,[15],17,0.2948194742202759,1
167,[15],18,0.31679433584213257,1
167,[15],19,0.305772602558136,1
167,[15],20,0.27998635172843933,1
167,[15],21,0.6485275626182556,0
167,[15],22,0.3884091377258301,0
167,[15],23,0.7512004971504211,0
167,[15],24,0.2317163050174713,1
167,[15],25,0.22995927929878235,1
167,[15],26,0.33630532026290894,1
167,[15],27,0.09602590650320053,1
167,[15],28,0.4299263060092926,0
167,[15],29,0.24094156920909882,1
167,[15],30,0.19912785291671753,1
167,[15],31,0.2744942009449005,0
167,[15],32,0.23934507369995117,0
167,[15],33,0.2750505208969116,0
167,[15],34,0.19340340793132782,1
167,[15],35,0.2676358222961426,0
167,[15],36,0.35475796461105347,0
167,[15],37,0.26272913813591003,1
167,[15],38,0.3827526271343231,0
167,[15],39,0.4311964809894562,0
167,[15],40,0.32179024815559387,0
167,[15],41,0.2353600561618805,1
167,[15],42,0.18443715572357178,1
167,[15],43,0.19101591408252716,1
167,[15],44,0.28144797682762146,1
167,[15],45,0.27758464217185974,0
167,[15],46,0.6477987170219421,0
167,[15],47,0.2343352884054184,0
167,[15],48,0.2054463028907776,1
167,[15],49,0.23982346057891846,1
167,[15],50,0.4838677644729614,1
167,[15],51,0.4784049987792969,1
167,[15],52,0.27848726511001587,1
167,[15],53,0.22967678308486938,1
167,[15],54,0.1985377073287964,1
167,[15],55,0.37579965591430664,0
167,[15],56,0.3137860596179962,1
167,[15],57,0.19748824834823608,1
167,[15],58,0.10420413315296173,1
167,[15],59,0.583328366279602,0
168,[39],0,0.2705056667327881,0
168,[39],1,0.2934028208255768,0
168,[39],2,0.24384115636348724,1
168,[39],3,0.13411101698875427,1
168,[39],4,0.22333501279354095,1
168,[39],5,0.10771369934082031,1
168,[39],6,0.6547280550003052,0
168,[39],7,0.49844932556152344,0
168,[39],8,0.16745169460773468,1
168,[39],9,0.3345695436000824,0
168,[39],10,0.40280279517173767,0
168,[39],11,0.17685720324516296,1
168,[39],12,0.16730819642543793,1
168,[39],13,0.5395890474319458,0
168,[39],14,0.3328917324542999,1
168,[39],15,0.166185662150383,1
168,[39],16,0.40409767627716064,0
168,[39],17,0.34979620575904846,1
168,[39],18,0.3813268840312958,1
168,[39],19,0.23270243406295776,1
168,[39],20,0.40482741594314575,0
168,[39],21,0.8304258584976196,0
168,[39],22,0.39002054929733276,1
168,[39],23,1.1436923742294312,0
168,[39],24,0.20943398773670197,1
168,[39],25,0.18470188975334167,1
168,[39],26,0.37759652733802795,1
168,[39],27,0.14331920444965363,1
168,[39],28,0.5461599230766296,0
168,[39],29,0.26234981417655945,1
168,[39],30,0.3105080723762512,1
168,[39],31,0.443548321723938,0
168,[39],32,0.4117964804172516,0
168,[39],33,0.4489545226097107,0
168,[39],34,0.2926430106163025,0
168,[39],35,0.37109214067459106,0
168,[39],36,0.2973816990852356,0
168,[39],37,0.19042685627937317,1
168,[39],38,0.3847750425338745,0
168,[39],40,0.431673526763916,0
168,[39],41,0.25902730226516724,0
168,[39],42,0.22117185592651367,1
168,[39],43,0.2198966145515442,1
168,[39],44,0.21336184442043304,1
168,[39],45,0.21803855895996094,1
168,[39],46,0.5545110106468201,0
168,[39],47,0.22641979157924652,0
168,[39],48,0.266563355922699,0
168,[39],49,0.16648079454898834,1
168,[39],50,0.4317607879638672,0
168,[39],51,0.4358467161655426,0
168,[39],52,0.17680010199546814,1
168,[39],53,0.1358575075864792,1
168,[39],54,0.20104962587356567,1
168,[39],55,0.36032992601394653,0
168,[39],56,0.37897899746894836,0
168,[39],57,0.35409975051879883,1
168,[39],58,0.10738825052976608,1
168,[39],59,0.6859602928161621,0
169,[52],0,0.413179874420166,0
169,[52],1,0.6921117305755615,0
169,[52],2,0.41914474964141846,0
169,[52],3,0.20567244291305542,0
169,[52],4,0.31119751930236816,1
169,[52],5,0.28150540590286255,0
169,[52],6,1.0217198133468628,0
169,[52],7,0.6750893592834473,0
169,[52],8,0.1478482484817505,1
169,[52],9,0.3776420056819916,0
169,[52],10,0.2907545268535614,0
169,[52],11,0.1250019520521164,1
169,[52],12,0.15314148366451263,0
169,[52],13,0.83851158618927,0
169,[52],14,0.15625622868537903,1
169,[52],15,0.28944942355155945,0
169,[52],16,0.3009386360645294,0
169,[52],17,0.3407369554042816,1
169,[52],18,0.5561187267303467,0
169,[52],19,0.4936111271381378,0
169,[52],20,0.2349928915500641,0
169,[52],21,0.685291588306427,1
169,[52],22,0.5529611110687256,1
169,[52],23,0.7591065764427185,0
169,[52],24,0.20185768604278564,1
169,[52],25,0.23133178055286407,0
169,[52],26,0.41141051054000854,1
169,[52],27,0.08459870517253876,1
169,[52],28,0.651448130607605,0
169,[52],29,0.1967439502477646,1
169,[52],30,0.15609003603458405,1
169,[52],31,0.3635241389274597,1
169,[52],32,0.316331148147583,1
169,[52],33,0.3785678744316101,0
169,[52],34,0.15609806776046753,0
169,[52],35,0.5346668362617493,0
169,[52],36,0.17755676805973053,0
169,[52],37,0.31411290168762207,0
169,[52],38,0.24789336323738098,0
169,[52],39,0.4837091863155365,0
169,[52],40,0.07369434833526611,1
169,[52],41,0.22829709947109222,0
169,[52],42,0.22706158459186554,0
169,[52],43,0.1676657646894455,0
169,[52],44,0.41367197036743164,0
169,[52],45,0.3485485315322876,0
169,[52],46,0.4150986969470978,0
169,[52],47,0.1045258417725563,1
169,[52],48,0.10271046310663223,1
169,[52],49,0.06842634081840515,1
169,[52],50,0.3210919201374054,1
169,[52],51,0.34033313393592834,1
169,[52],53,0.01635049283504486,1
169,[52],54,0.3313796818256378,0
169,[52],55,0.7182348966598511,0
169,[52],56,0.5285616517066956,0
169,[52],57,0.17992369830608368,1
169,[52],58,0.15602247416973114,1
169,[52],59,0.5931272506713867,0
170,[14],0,0.3191332221031189,0
170,[14],1,0.4716051518917084,0
170,[14],2,0.2420283406972885,0
170,[14],3,0.12230279296636581,0
170,[14],4,0.22061465680599213,0
170,[14],5,0.1072450578212738,1
170,[14],6,0.7012677192687988,0
170,[14],7,0.370135098695755,0
170,[14],8,0.09209657460451126,1
170,[14],9,0.3247615694999695,0
170,[14],10,0.24362778663635254,0
170,[14],11,0.12457817047834396,1
170,[14],12,0.14910660684108734,1
170,[14],13,0.4653814435005188,0
170,[14],15,0.235287606716156,1
170,[14],16,0.32046934962272644,0
170,[14],17,0.30159637331962585,1
170,[14],18,0.3544204533100128,0
170,[14],19,0.23393970727920532,0
170,[14],20,0.1928926408290863,1
170,[14],21,0.5342445969581604,0
170,[14],22,0.35565832257270813,0
170,[14],23,0.741475522518158,0
170,[14],24,0.18562856316566467,1
170,[14],25,0.16025732457637787,1
170,[14],26,0.2606644332408905,1
170,[14],27,0.10962618142366409,1
170,[14],28,0.4372383654117584,0
170,[14],29,0.11389973014593124,1
170,[14],30,0.3501311242580414,0
170,[14],31,0.3843790292739868,0
170,[14],32,0.33796462416648865,0
170,[14],33,0.3828442394733429,0
170,[14],34,0.2544720470905304,0
170,[14],35,0.25565478205680847,0
170,[14],36,0.2475697100162506,0
170,[14],37,0.246567964553833,0
170,[14],38,0.19668059051036835,0
170,[14],39,0.45077481865882874,0
170,[14],40,0.24473682045936584,1
170,[14],41,0.16856923699378967,1
170,[14],42,0.1286858171224594,1
170,[14],43,0.13582555949687958,1
170,[14],44,0.22557507455348969,1
170,[14],45,0.22050966322422028,0
170,[14],46,0.439376562833786,0
170,[14],47,0.16039812564849854,1
170,[14],48,0.1345413774251938,1
170,[14],49,0.15023285150527954,1
170,[14],50,0.28717780113220215,1
170,[14],51,0.28771457076072693,1
170,[14],52,0.12125996500253677,1
170,[14],53,0.09596109390258789,1
170,[14],54,0.16371262073516846,1
170,[14],55,0.3450966477394104,0
170,[14],56,0.23815850913524628,0
170,[14],57,0.16504603624343872,1
170,[14],58,0.06232212111353874,1
170,[14],59,0.6039006114006042,0
171,[51],0,0.2610316276550293,0
171,[51],1,0.5624618530273438,0
171,[51],2,0.33332136273384094,0
171,[51],3,0.1515224426984787,0
171,[51],4,0.2814914286136627,0
171,[51],5,0.1479966789484024,0
171,[51],6,0.25295597314834595,1
171,[51],7,0.5006859302520752,0
171,[51],8,0.17977876961231232,1
171,[51],9,0.3910878896713257,0
171,[51],10,0.26931530237197876,0
171,[51],11,0.1722174882888794,1
171,[51],12,0.1773354560136795,1
171,[51],13,0.5841841697692871,0
171,[51],14,0.20712153613567352,1
171,[51],15,0.32530879974365234,0
171,[51],16,0.486261248588562,0
171,[51],17,0.449586421251297,0
171,[51],18,0.42804154753685,1
171,[51],19,0.35267946124076843,0
171,[51],20,0.22771884500980377,1
171,[51],21,0.4754313826560974,0
171,[51],22,0.3434813618659973,1
171,[51],23,0.8078786134719849,0
171,[51],24,0.17193691432476044,1
171,[51],25,0.1644386351108551,1
171,[51],26,0.2401566505432129,1
171,[51],27,0.06630115211009979,1
171,[51],28,0.5864660143852234,0
171,[51],29,0.1294460892677307,1
171,[51],30,0.3539581298828125,0
171,[51],31,0.30009815096855164,0
171,[51],32,0.31589803099632263,0
171,[51],33,0.31243959069252014,0
171,[51],34,0.3116893768310547,0
171,[51],35,0.16731984913349152,1
171,[51],36,0.45590344071388245,0
171,[51],37,0.1263173669576645,1
171,[51],38,0.42134523391723633,0
171,[51],39,0.6588654518127441,0
171,[51],40,0.1177234798669815,1
171,[51],41,0.2800108790397644,1
171,[51],42,0.213432177901268,1
171,[51],43,0.20565485954284668,1
171,[51],44,0.24211277067661285,1
171,[51],45,0.30932852625846863,0
171,[51],46,0.5882997512817383,0
171,[51],47,0.14226765930652618,1
171,[51],48,0.2161315530538559,1
171,[51],49,0.078976571559906,1
171,[51],50,0.032326508313417435,1
171,[51],52,0.16529041528701782,1
171,[51],53,0.13909171521663666,1
171,[51],54,0.26633158326148987,0
171,[51],55,0.5374818444252014,0
171,[51],56,0.24156640470027924,0
171,[51],57,0.16720789670944214,1
171,[51],58,0.07378559559583664,1
171,[51],59,0.4559614956378937,0
172,[8],0,0.17855514585971832,1
172,[8],1,0.1873830109834671,1
172,[8],2,0.08458299189805984,1
172,[8],3,0.0902840718626976,1
172,[8],4,0.1479114592075348,1
172,[8],5,0.04685910418629646,1
172,[8],6,0.6166874170303345,0
172,[8],7,0.18560996651649475,1
172,[8],9,0.2505709230899811,1
172,[8],10,0.14504989981651306,1
172,[8],11,0.07769720256328583,1
172,[8],12,0.10135358572006226,1
172,[8],13,0.15233969688415527,1
172,[8],14,0.07514350116252899,1
172,[8],15,0.09147894382476807,1
172,[8],16,0.1865316927433014,1
172,[8],17,0.14774268865585327,1
172,[8],18,0.14663590490818024,1
172,[8],19,0.1378520280122757,1
172,[8],20,0.1973978728055954,1
172,[8],21,0.34075626730918884,0
172,[8],22,0.2687596082687378,1
172,[8],23,0.8259626030921936,0
172,[8],24,0.07980111241340637,1
172,[8],25,0.09069733321666718,1
172,[8],26,0.18951568007469177,1
172,[8],27,0.05515284091234207,1
172,[8],28,0.31738296151161194,0
172,[8],29,0.08482328057289124,1
172,[8],30,0.24342083930969238,0
172,[8],31,0.20469912886619568,0
172,[8],32,0.22901374101638794,0
172,[8],33,0.21266043186187744,0
172,[8],34,0.2721894085407257,0
172,[8],35,0.14932705461978912,1
172,[8],36,0.1428133249282837,1
172,[8],37,0.21333809196949005,0
172,[8],38,0.13388265669345856,1
172,[8],39,0.32653453946113586,0
172,[8],40,0.2648751139640808,0
172,[8],41,0.127403125166893,1
172,[8],42,0.07189486920833588,1
172,[8],43,0.12509088218212128,1
172,[8],44,0.09903767704963684,1
172,[8],45,0.10556945204734802,1
172,[8],46,0.4100779592990875,0
172,[8],47,0.09159927070140839,1
172,[8],48,0.22193412482738495,0
172,[8],49,0.08095929026603699,1
172,[8],50,0.3708028495311737,0
172,[8],51,0.36490240693092346,1
172,[8],52,0.1307440549135208,1
172,[8],53,0.09394348412752151,1
172,[8],54,0.10532766580581665,1
172,[8],55,0.1247054934501648,1
172,[8],56,0.08567845821380615,1
172,[8],57,0.17367923259735107,1
172,[8],58,0.038692768663167953,1
172,[8],59,0.499727725982666,0
173,[15],0,0.36243629455566406,0
173,[15],1,0.5195592045783997,0
173,[15],2,0.3190597593784332,0
173,[15],3,0.1437975913286209,1
173,[15],4,0.2445012480020523,1
173,[15],5,0.1270410120487213,1
173,[15],6,0.7270221710205078,0
173,[15],7,0.4341074824333191,0
173,[15],8,0.21506379544734955,1
173,[15],9,0.4718700349330902,0
173,[15],10,0.3030579686164856,0
173,[15],11,0.25263646245002747,1
173,[15],12,0.2032260149717331,1
173,[15],13,0.5590405464172363,0
173,[15],14,0.47793203592300415,1
173,[15],16,0.30483004450798035,0
173,[15],17,0.2948194742202759,1
173,[15],18,0.31679433584213257,1
173,[15],19,0.305772602558136,1
173,[15],20,0.27998635172843933,1
173,[15],21,0.6485275626182556,0
173,[15],22,0.3884091377258301,0
173,[15],23,0.7512004971504211,0
173,[15],24,0.2317163050174713,1
173,[15],25,0.22995927929878235,1
173,[15],26,0.33630532026290894,1
173,[15],27,0.09602590650320053,1
173,[15],28,0.4299263060092926,0
173,[15],29,0.24094156920909882,1
173,[15],30,0.19912785291671753,1
173,[15],31,0.2744942009449005,0
173,[15],32,0.23934507369995117,0
173,[15],33,0.2750505208969116,0
173,[15],34,0.19340340793132782,1
173,[15],35,0.2676358222961426,0
173,[15],36,0.35475796461105347,0
173,[15],37,0.26272913813591003,1
173,[15],38,0.3827526271343231,0
173,[15],39,0.4311964809894562,0
173,[15],40,0.32179024815559387,0
173,[15],41,0.2353600561618805,1
173,[15],42,0.18443715572357178,1
173,[15],43,0.19101591408252716,1
173,[15],44,0.28144797682762146,1
173,[15],45,0.27758464217185974,0
173,[15],46,0.6477987170219421,0
173,[15],47,0.2343352884054184,0
173,[15],48,0.2054463028907776,1
173,[15],49,0.23982346057891846,1
173,[15],50,0.4838677644729614,1
173,[15],51,0.4784049987792969,1
173,[15],52,0.27848726511001587,1
173,[15],53,0.22967678308486938,1
173,[15],54,0.1985377073287964,1
173,[15],55,0.37579965591430664,0
173,[15],56,0.3137860596179962,1
173,[15],57,0.19748824834823608,1
173,[15],58,0.10420413315296173,1
173,[15],59,0.583328366279602,0
174,[38],0,0.2941730320453644,0
174,[38],1,0.45927831530570984,0
174,[38],2,0.20909416675567627,1
174,[38],3,0.1533697098493576,0
174,[38],4,0.20550629496574402,1
174,[38],5,0.09794081747531891,1
174,[38],6,0.4987061023712158,0
174,[38],7,0.4167083501815796,0
174,[38],8,0.10482928156852722,1
174,[38],9,0.3486465811729431,0
174,[38],10,0.2108697146177292,0
174,[38],11,0.11884397268295288,1
174,[38],12,0.13259823620319366,1
174,[38],13,0.4699171483516693,0
174,[38],14,0.13449448347091675,1
174,[38],15,0.18606120347976685,1
174,[38],16,0.42225930094718933,0
174,[38],17,0.4108112156391144,1
174,[38],18,0.4207313358783722,1
174,[38],19,0.18875283002853394,1
174,[38],20,0.3505878150463104,0
174,[38],21,0.48764458298683167,0
174,[38],22,0.3092283606529236,1
174,[38],23,0.7773603796958923,0
174,[38],24,0.15826520323753357,1
174,[38],25,0.1752302199602127,1
174,[38],26,0.3469299077987671,0
174,[38],27,0.07654989510774612,1
174,[38],28,0.393324613571167,0
174,[38],29,0.13835830986499786,1
174,[38],30,0.24219781160354614,1
174,[38],31,0.29028379917144775,0
174,[38],32,0.2681353986263275,0
174,[38],33,0.3059336841106415,0
174,[38],34,0.2627081871032715,0
174,[38],35,0.31919705867767334,0
174,[38],36,0.0550871305167675,1
174,[38],37,0.16121216118335724,0
174,[38],39,0.5071112513542175,0
174,[38],40,0.21834821999073029,1
174,[38],41,0.15305238962173462,1
174,[38],42,0.12590445578098297,1
174,[38],43,0.25368350744247437,0
174,[38],44,0.2614343762397766,0
174,[38],45,0.18535543978214264,1
174,[38],46,0.36425188183784485,0
174,[38],47,0.22702299058437347,0
174,[38],48,0.15096737444400787,1
174,[38],49,0.10143940150737762,1
174,[38],50,0.3781571686267853,0
174,[38],51,0.3908715844154358,0
174,[38],52,0.15348072350025177,1
174,[38],53,0.12247099727392197,1
174,[38],54,0.1793663203716278,1
174,[38],55,0.36643511056900024,0
174,[38],56,0.23551078140735626,1
174,[38],57,0.19347833096981049,1
174,[38],58,0.0745302140712738,1
174,[38],59,0.678167998790741,0
175,[41],0,0.2423659861087799,0
175,[41],1,0.3599766194820404,0
175,[41],2,0.18698088824748993,1
175,[41],3,0.19104817509651184,0
175,[41],4,0.26809537410736084,1
175,[41],5,0.10111308842897415,1
175,[41],6,0.6297555565834045,0
175,[41],7,0.48948755860328674,0
175,[41],8,0.1325698047876358,1
175,[41],9,0.24052762985229492,0
175,[41],10,0.3136572539806366,0
175,[41],11,0.1824946403503418,1
175,[41],12,0.14712631702423096,1
175,[41],13,0.5627692937850952,0
175,[41],14,0.3972686231136322,0
175,[41],15,0.14877472817897797,1
175,[41],16,0.29453083872795105,0
175,[41],17,0.2992376387119293,1
175,[41],18,0.32922428846359253,1
175,[41],19,0.30147024989128113,0
175,[41],20,0.31624963879585266,0
175,[41],21,1.1102713346481323,0
175,[41],22,0.4109365940093994,0
175,[41],23,1.3207441568374634,0
175,[41],24,0.1892627328634262,1
175,[41],25,0.21504053473472595,0
175,[41],26,0.34519895911216736,1
175,[41],27,0.12797130644321442,1
175,[41],28,0.49752533435821533,0
175,[41],29,0.2227003127336502,1
175,[41],30,0.2151472568511963,1
175,[41],31,0.28277280926704407,0
175,[41],32,0.27293530106544495,0
175,[41],33,0.2956448793411255,0
175,[41],34,0.25849467515945435,0
175,[41],35,0.3065912127494812,0
175,[41],36,0.27352118492126465,0
175,[41],37,0.20570018887519836,0
175,[41],38,0.3147538900375366,0
175,[41],39,0.4834604859352112,0
175,[41],40,0.3224758505821228,0
175,[41],42,0.055664580315351486,1
175,[41],43,0.21353618800640106,1
175,[41],44,0.23185350000858307,1
175,[41],45,0.16369985044002533,1
175,[41],46,0.41898414492607117,0
175,[41],47,0.22914761304855347,0
175,[41],48,0.2221699059009552,0
175,[41],49,0.14214980602264404,1
175,[41],50,0.43162965774536133,0
175,[41],51,0.4360496401786804,0
175,[41],52,0.1551780104637146,0
175,[41],53,0.1234808936715126,1
175,[41],54,0.1924457848072052,1
175,[41],55,0.5238403081893921,0
175,[41],56,0.3663639724254608,0
175,[41],57,0.29711008071899414,1
175,[41],58,0.14187049865722656,1
175,[41],59,0.731834888458252,0
176,[40],0,0.5012743473052979,0
176,[40],1,0.8554617762565613,0
176,[40],2,0.3401411473751068,0
176,[40],3,0.12978850305080414,1
176,[40],4,0.2389792650938034,0
176,[40],5,0.14573314785957336,1
176,[40],6,0.5974160432815552,0
176,[40],7,0.7731233835220337,0
176,[40],8,0.11625801026821136,1
176,[40],9,0.38101300597190857,0
176,[40],10,0.32260242104530334,0
176,[40],11,0.10179726034402847,1
176,[40],12,0.11306557804346085,1
176,[40],13,0.5912193059921265,0
176,[40],14,0.10015310347080231,1
176,[40],15,0.10828357934951782,1
176,[40],16,0.32396355271339417,0
176,[40],17,0.3142710030078888,0
176,[40],18,0.3285611569881439,0
176,[40],19,0.33311495184898376,0
176,[40],20,0.2621982991695404,0
176,[40],21,1.0159270763397217,0
176,[40],22,0.19892317056655884,1
176,[40],23,0.7803123593330383,0
176,[40],24,0.16146087646484375,1
176,[40],25,0.17045721411705017,0
176,[40],26,0.28814131021499634,1
176,[40],27,0.03556608408689499,1
176,[40],28,0.44193506240844727,0
176,[40],29,0.24476638436317444,1
176,[40],30,0.24377328157424927,1
176,[40],31,0.2803175747394562,0
176,[40],32,0.2551855444908142,0
176,[40],33,0.30460304021835327,0
176,[40],34,0.26266857981681824,0
176,[40],35,0.6199122071266174,0
176,[40],36,0.19347499310970306,0
176,[40],37,0.3005538582801819,0
176,[40],38,0.21272385120391846,0
176,[40],39,0.29954850673675537,0
176,[40],41,0.1741466224193573,1
176,[40],42,0.12292778491973877,1
176,[40],43,0.19996143877506256,0
176,[40],44,0.3584229648113251,0
176,[40],45,0.16735048592090607,0
176,[40],46,0.6103992462158203,0
176,[40],47,0.08919712901115417,1
176,[40],48,0.1964312642812729,0
176,[40],49,0.11000894010066986,1
176,[40],50,0.3199257552623749,0
176,[40],51,0.32195204496383667,0
176,[40],52,0.11245204508304596,1
176,[40],53,0.07582338899374008,1
176,[40],54,0.13248737156391144,1
176,[40],55,0.601702094078064,0
176,[40],56,0.28570887446403503,0
176,[40],57,0.1649608314037323,1
176,[40],58,0.08520381152629852,1
176,[40],59,0.5112272500991821,0
177,[29],0,0.43780317902565,0
177,[29],1,0.5930648446083069,0
177,[29],2,0.3119306266307831,0
177,[29],3,0.12115760892629623,0
177,[29],4,0.3494482636451721,0
177,[29],5,0.1266392469406128,1
177,[29],6,0.8115504384040833,0
177,[29],7,0.6301173567771912,0
177,[29],8,0.10812071710824966,1
177,[29],9,0.346235066652298,0
177,[29],10,0.2679802179336548,0
177,[29],11,0.203668475151062,1
177,[29],12,0.168478861451149,1
177,[29],13,0.6847583055496216,0
177,[29],14,0.3192770779132843,0
177,[29],15,0.25418469309806824,0
177,[29],16,0.4480755925178528,0
177,[29],17,0.412814736366272,0
177,[29],18,0.4451773464679718,0
177,[29],19,0.43222224712371826,0
177,[29],20,0.12429244816303253,1
177,[29],21,0.6755942106246948,0
177,[29],22,0.24061763286590576,1
177,[29],23,0.47284531593322754,0
177,[29],24,0.2400687038898468,1
177,[29],25,0.23381774127483368,1
177,[29],26,0.284249484539032,1
177,[29],27,0.04038545861840248,1
177,[29],28,0.5776219964027405,0
177,[29],30,0.36099448800086975,0
177,[29],31,0.2736762464046478,0
177,[29],32,0.2464340478181839,0
177,[29],33,0.27523449063301086,0
177,[29],34,0.2697945237159729,0
177,[29],35,0.5790289044380188,0
177,[29],36,0.33609476685523987,0
177,[29],37,0.3022061586380005,0
177,[29],38,0.31758129596710205,0
177,[29],39,0.7869892716407776,0
177,[29],40,0.0971648246049881,1
177,[29],41,0.2501048743724823,0
177,[29],42,0.24866048991680145,0
177,[29],43,0.2559809684753418,0
177,[29],44,0.3743588328361511,0
177,[29],45,0.35454869270324707,0
177,[29],46,0.6605448722839355,0
177,[29],47,0.07745935767889023,1
177,[29],48,0.1721917688846588,1
177,[29],49,0.03548610582947731,1
177,[29],50,0.467752605676651,0
177,[29],51,0.44173726439476013,0
177,[29],52,0.05858682841062546,1
177,[29],53,0.0489782989025116,1
177,[29],54,0.2978935241699219,1
177,[29],55,0.6164506077766418,0
177,[29],56,0.6076918244361877,0
177,[29],57,0.09853983670473099,1
177,[29],58,0.1069418266415596,1
177,[29],59,1.0308253765106201,0
178,[48],0,0.29824256896972656,0
178,[48],1,0.5492093563079834,0
178,[48],2,0.34419819712638855,0
178,[48],3,0.11231525987386703,0
178,[48],4,0.20738229155540466,1
178,[48],5,0.13577501475811005,0
178,[48],6,0.22865964472293854,1
178,[48],7,0.43576890230178833,0
178,[48],8,0.1685398519039154,1
178,[48],9,0.48422735929489136,0
178,[48],10,0.18777106702327728,1
178,[48],11,0.10735851526260376,1
178,[48],12,0.12030293047428131,1
178,[48],13,0.47825855016708374,0
178,[48],14,0.12924039363861084,1
178,[48],15,0.23687948286533356,0
178,[48],16,0.5022395849227905,0
178,[48],17,0.43627873063087463,1
178,[48],18,0.4422799050807953,1
178,[48],19,0.24707071483135223,0
178,[48],20,0.22059620916843414,1
178,[48],21,0.2844047248363495,1
178,[48],22,0.2006540298461914,1
178,[48],23,0.4843745529651642,0
178,[48],24,0.17096443474292755,1
178,[48],25,0.1758810579776764,1
178,[48],26,0.24648639559745789,1
178,[48],27,0.04327451065182686,1
178,[48],28,0.4915352761745453,0
178,[48],29,0.06552370637655258,1
178,[48],30,0.29574277997016907,1
178,[48],31,0.2386275976896286,0
178,[48],32,0.25018203258514404,1
178,[48],33,0.25289779901504517,0
178,[48],34,0.26906904578208923,1
178,[48],35,0.04813973978161812,1
178,[48],36,0.33092424273490906,0
178,[48],37,0.09938570111989975,1
178,[48],38,0.3465307354927063,0
178,[48],39,0.6717694401741028,0
178,[48],40,0.0570310540497303,1
178,[48],41,0.22609558701515198,1
178,[48],42,0.16286318004131317,1
178,[48],43,0.16208243370056152,1
178,[48],44,0.25356197357177734,1
178,[48],45,0.2530210614204407,0
178,[48],46,0.434088796377182,0
178,[48],47,0.12100958824157715,1
178,[48],49,0.07477018237113953,1
178,[48],50,0.20876182615756989,1
178,[48],51,0.1877855807542801,1
178,[48],52,0.14849206805229187,1
178,[48],53,0.12115365266799927,1
178,[48],54,0.21541883051395416,1
178,[48],55,0.44151026010513306,0
178,[48],56,0.16574259102344513,1
178,[48],57,0.11202580481767654,1
178,[48],58,0.06165579706430435,1
178,[48],59,0.4975675344467163,0
179,[41],0,0.2423659861087799,0
179,[41],1,0.3599766194820404,0
179,[41],2,0.18698088824748993,1
179,[41],3,0.19104817509651184,0
179,[41],4,0.26809537410736084,1
179,[41],5,0.10111308842897415,1
179,[41],6,0.6297555565834045,0
179,[41],7,0.48948755860328674,0
179,[41],8,0.1325698047876358,1
179,[41],9,0.24052762985229492,0
179,[41],10,0.3136572539806366,0
179,[41],11,0.1824946403503418,1
179,[41],12,0.14712631702423096,1
179,[41],13,0.5627692937850952,0
179,[41],14,0.3972686231136322,0
179,[41],15,0.14877472817897797,1
179,[41],16,0.29453083872795105,0
179,[41],17,0.2992376387119293,1
179,[41],18,0.32922428846359253,1
179,[41],19,0.30147024989128113,0
179,[41],20,0.31624963879585266,0
179,[41],21,1.1102713346481323,0
179,[41],22,0.4109365940093994,0
179,[41],23,1.3207441568374634,0
179,[41],24,0.1892627328634262,1
179,[41],25,0.21504053473472595,0
179,[41],26,0.34519895911216736,1
179,[41],27,0.12797130644321442,1
179,[41],28,0.49752533435821533,0
179,[41],29,0.2227003127336502,1
179,[41],30,0.2151472568511963,1
179,[41],31,0.28277280926704407,0
179,[41],32,0.27293530106544495,0
179,[41],33,0.2956448793411255,0
179,[41],34,0.25849467515945435,0
179,[41],35,0.3065912127494812,0
179,[41],36,0.27352118492126465,0
179,[41],37,0.20570018887519836,0
179,[41],38,0.3147538900375366,0
179,[41],39,0.4834604859352112,0
179,[41],40,0.3224758505821228,0
179,[41],42,0.055664580315351486,1
179,[41],43,0.21353618800640106,1
179,[41],44,0.23185350000858307,1
179,[41],45,0.16369985044002533,1
179,[41],46,0.41898414492607117,0
179,[41],47,0.22914761304855347,0
179,[41],48,0.2221699059009552,0
179,[41],49,0.14214980602264404,1
179,[41],50,0.43162965774536133,0
179,[41],51,0.4360496401786804,0
179,[41],52,0.1551780104637146,0
179,[41],53,0.1234808936715126,1
179,[41],54,0.1924457848072052,1
179,[41],55,0.5238403081893921,0
179,[41],56,0.3663639724254608,0
179,[41],57,0.29711008071899414,1
179,[41],58,0.14187049865722656,1
179,[41],59,0.731834888458252,0
180,[37],0,0.27252084016799927,0
180,[37],1,0.28099048137664795,0
180,[37],2,0.15623611211776733,1
180,[37],3,0.17094360291957855,1
180,[37],4,0.14298102259635925,1
180,[37],5,0.09882903099060059,1
180,[37],6,0.18106837570667267,1
180,[37],7,0.28289249539375305,1
180,[37],8,0.1095820888876915,1
180,[37],9,0.4241354465484619,0
180,[37],10,0.2530863583087921,1
180,[37],11,0.08689817041158676,1
180,[37],12,0.10722297430038452,1
180,[37],13,0.4161403179168701,0
180,[37],14,0.25685927271842957,0
180,[37],15,0.2356879562139511,1
180,[37],16,0.4143035113811493,1
180,[37],17,0.38094136118888855,1
180,[37],18,0.39342060685157776,1
180,[37],19,0.18082194030284882,1
180,[37],20,0.4575759470462799,0
180,[37],21,0.3852865695953369,1
180,[37],22,0.30862000584602356,1
180,[37],23,0.6711145043373108,0
180,[37],24,0.16994647681713104,1
180,[37],25,0.1712464839220047,1
180,[37],26,0.4046122133731842,0
180,[37],27,0.1258115917444229,1
180,[37],28,0.40770021080970764,0
180,[37],29,0.25478395819664,1
180,[37],30,0.2828458249568939,1
180,[37],31,0.2938360571861267,0
180,[37],32,0.29592856764793396,0
180,[37],33,0.29671546816825867,0
180,[37],34,0.2503702640533447,0
180,[37],35,0.053950224071741104,1
180,[37],36,0.7540374994277954,0
180,[37],38,0.7332600355148315,0
180,[37],39,0.3663442134857178,0
180,[37],40,0.37341564893722534,0
180,[37],41,0.28124114871025085,0
180,[37],42,0.21784771978855133,1
180,[37],43,0.2635882794857025,0
180,[37],44,0.19391284883022308,1
180,[37],45,0.1630862057209015,1
180,[37],46,0.4482957124710083,0
180,[37],47,0.42808687686920166,0
180,[37],48,0.15377894043922424,1
180,[37],49,0.13432946801185608,1
180,[37],50,0.34124910831451416,0
180,[37],51,0.39221033453941345,0
180,[37],52,0.2230805903673172,1
180,[37],53,0.18533235788345337,1
180,[37],54,0.15513069927692413,1
180,[37],55,0.1650623083114624,1
180,[37],56,0.2074611634016037,1
180,[37],57,0.27822965383529663,1
180,[37],58,0.0825306698679924,1
180,[37],59,0.27737247943878174,0
181,[35],0,0.26105356216430664,0
181,[35],1,0.2526496648788452,0
181,[35],2,0.15829682350158691,1
181,[35],3,0.1438317745923996,1
181,[35],4,0.09538386017084122,1
181,[35],5,0.06776805222034454,1
181,[35],6,0.1313551962375641,1
181,[35],7,0.20505668222904205,1
181,[35],8,0.12327726930379868,1
181,[35],9,0.4127640128135681,0
181,[35],10,0.24903108179569244,0
181,[35],11,0.09762941300868988,1
181,[35],12,0.1101788878440857,1
181,[35],13,0.38650718331336975,0
181,[35],14,0.29326263070106506,0
181,[35],15,0.2228044867515564,1
181,[35],16,0.34763988852500916,1
181,[35],17,0.3456350564956665,1
181,[35],18,0.3545680046081543,1
181,[35],19,0.17636245489120483,1
181,[35],20,0.3489934504032135,0
181,[35],21,0.41175955533981323,1
181,[35],22,0.3191654086112976,1
181,[35],23,0.6321795582771301,0
181,[35],24,0.16829635202884674,1
181,[35],25,0.14124010503292084,1
181,[35],26,0.36203619837760925,0
181,[35],27,0.1286257803440094,1
181,[35],28,0.3440604507923126,0
181,[35],29,0.24989351630210876,1
181,[35],30,0.21709294617176056,1
181,[35],31,0.2208726704120636,0
181,[35],32,0.21900519728660583,1
181,[35],33,0.22941316664218903,0
181,[35],34,0.2637859880924225,1
181,[35],36,0.3792141079902649,0
181,[35],37,0.04197544604539871,1
181,[35],38,0.5951934456825256,0
181,[35],39,0.33610808849334717,0
181,[35],40,0.3135266900062561,0
181,[35],41,0.27975255250930786,0
181,[35],42,0.21415527164936066,1
181,[35],43,0.29395055770874023,0
181,[35],44,0.18361660838127136,1
181,[35],45,0.1407364457845688,1
181,[35],46,0.4201887845993042,0
181,[35],47,0.30471745133399963,0
181,[35],48,0.13007879257202148,1
181,[35],49,0.12277644872665405,1
181,[35],50,0.38075780868530273,0
181,[35],51,0.3816451132297516,0
181,[35],52,0.186333566904068,1
181,[35],53,0.1543528437614441,1
181,[35],54,0.12725859880447388,1
181,[35],55,0.18803511559963226,1
181,[35],56,0.24090945720672607,0
181,[35],57,0.26565033197402954,1
181,[35],58,0.07131673395633698,1
181,[35],59,0.25983932614326477,0
182,[5],0,0.2799654006958008,0
182,[5],1,0.18576033413410187,0
182,[5],2,0.09488850086927414,1
182,[5],3,0.09114908427000046,1
182,[5],4,0.19827981293201447,1
182,[5],6,0.427901953458786,0
182,[5],7,0.19817835092544556,1
182,[5],8,0.06449113041162491,1
182,[5],9,0.2383764237165451,0
182,[5],10,0.2940669059753418,0
182,[5],11,0.10285113751888275,1
182,[5],12,0.12908263504505157,1
182,[5],13,0.21192629635334015,1
182,[5],14,0.1776743233203888,1
182,[5],15,0.12995365262031555,1
182,[5],16,0.19283223152160645,1
182,[5],17,0.19561271369457245,1
182,[5],18,0.1884576380252838,1
182,[5],19,0.10629862546920776,1
182,[5],20,0.23600980639457703,0
182,[5],21,0.37787023186683655,0
182,[5],22,0.3076951801776886,0
182,[5],23,0.7320541143417358,0
182,[5],24,0.11098586022853851,1
182,[5],25,0.11222171783447266,1
182,[5],26,0.2638722360134125,1
182,[5],27,0.11078646779060364,1
182,[5],28,0.3320651650428772,0
182,[5],29,0.09135694056749344,1
182,[5],30,0.23632948100566864,0
182,[5],31,0.2986603081226349,0
182,[5],32,0.29994872212409973,0
182,[5],33,0.3149794340133667,0
182,[5],34,0.14433492720127106,0
182,[5],35,0.17852051556110382,0
182,[5],36,0.13820675015449524,1
182,[5],37,0.16712619364261627,0
182,[5],38,0.42203155159950256,0
182,[5],39,0.32524240016937256,0
182,[5],40,0.2609238624572754,0
182,[5],41,0.19985431432724,0
182,[5],42,0.13980485498905182,1
182,[5],43,0.23279698193073273,1
182,[5],44,0.13111229240894318,1
182,[5],45,0.1449022889137268,1
182,[5],46,0.43525969982147217,0
182,[5],47,0.19129876792430878,0
182,[5],48,0.16934576630592346,0
182,[5],49,0.09354695677757263,1
182,[5],50,0.3717350661754608,0
182,[5],51,0.43124303221702576,0
182,[5],52,0.12438075244426727,1
182,[5],53,0.09308964014053345,1
182,[5],54,0.07666072994470596,1
182,[5],55,0.11699696630239487,1
182,[5],56,0.2765594720840454,0
182,[5],57,0.22675228118896484,1
182,[5],58,0.06860032677650452,1
182,[5],59,0.3882518708705902,0
183,[57],0,0.4084419310092926,0
183,[57],1,0.8193105459213257,0
183,[57],2,0.4224261939525604,0
183,[57],3,0.11356199532747269,1
183,[57],4,0.36377060413360596,0
183,[57],5,0.1905485987663269,0
183,[57],6,1.1084239482879639,0
183,[57],7,0.8009206652641296,0
183,[57],8,0.1901244819164276,1
183,[57],9,0.4018767476081848,0
183,[57],10,0.21121232211589813,0
183,[57],11,0.21594631671905518,1
183,[57],12,0.22363145649433136,0
183,[57],13,0.3884437084197998,0
183,[57],14,0.37476664781570435,0
183,[57],15,0.1899372935295105,0
183,[57],16,0.41261351108551025,0
183,[57],17,0.38341695070266724,0
183,[57],18,0.36883437633514404,0
183,[57],19,0.3720877170562744,0
183,[57],20,0.17636975646018982,1
183,[57],21,1.0296939611434937,0
183,[57],22,0.34883376955986023,1
183,[57],23,0.4942522943019867,0
183,[57],24,0.22663433849811554,0
183,[57],25,0.22944657504558563,0
183,[57],26,0.33506089448928833,1
183,[57],27,0.030604099854826927,1
183,[57],28,0.44993874430656433,0
183,[57],29,0.2948459982872009,1
183,[57],30,0.23382078111171722,0
183,[57],31,0.17576327919960022,1
183,[57],32,0.1800728738307953,1
183,[57],33,0.18678687512874603,1
183,[57],34,0.16896507143974304,0
183,[57],35,0.7181798219680786,0
183,[57],36,0.29869624972343445,0
183,[57],37,0.36559829115867615,0
183,[57],38,0.30998456478118896,0
183,[57],39,0.7262617945671082,0
183,[57],40,0.0775003656744957,1
183,[57],41,0.2557830512523651,0
183,[57],42,0.24626319110393524,0
183,[57],43,0.24948382377624512,0
183,[57],44,0.39808210730552673,0
183,[57],45,0.361908495426178,0
183,[57],46,0.8048434257507324,0
183,[57],47,0.0625421330332756,1
183,[57],48,0.08617530763149261,1
183,[57],49,0.030272357165813446,1
183,[57],50,0.5436694025993347,1
183,[57],51,0.5526252388954163,1
183,[57],52,0.0472315289080143,1
183,[57],53,0.04044304043054581,1
183,[57],54,0.3841905891895294,0
183,[57],55,0.6109340786933899,0
183,[57],56,0.4934038817882538,0
183,[57],58,0.07953015714883804,1
183,[57],59,0.7536874413490295,0
184,[33],0,0.3871590495109558,0
184,[33],1,0.5285422801971436,0
184,[33],2,0.32173651456832886,0
184,[33],3,0.16138824820518494,0
184,[33],4,0.2646090090274811,0
184,[33],5,0.14318838715553284,0
184,[33],6,0.6355913281440735,0
184,[33],7,0.387546569108963,0
184,[33],8,0.17932634055614471,0
184,[33],9,0.36894726753234863,0
184,[33],10,0.09734344482421875,1
184,[33],11,0.12189565598964691,1
184,[33],12,0.15949997305870056,0
184,[33],13,0.6703649163246155,0
184,[33],14,0.1863456517457962,1
184,[33],15,0.15905965864658356,1
184,[33],16,0.3941921889781952,0
184,[33],17,0.3875371813774109,0
184,[33],18,0.42403995990753174,0
184,[33],19,0.3504190146923065,0
184,[33],20,0.2679620087146759,1
184,[33],21,0.37867501378059387,0
184,[33],22,0.11080034077167511,1
184,[33],23,0.6074687242507935,0
184,[33],24,0.10442127287387848,1
184,[33],25,0.13764145970344543,1
184,[33],26,0.3826715052127838,0
184,[33],27,0.05785844475030899,1
184,[33],28,0.48384222388267517,0
184,[33],29,0.07980087399482727,1
184,[33],30,0.14148707687854767,1
184,[33],31,0.08258117735385895,1
184,[33],32,0.055244576185941696,1
184,[33],34,0.2168816179037094,1
184,[33],35,0.36843985319137573,0
184,[33],36,0.23695340752601624,1
184,[33],37,0.24698512256145477,1
184,[33],38,0.22387345135211945,0
184,[33],39,0.4929887354373932,0
184,[33],40,0.1995438039302826,1
184,[33],41,0.20681233704090118,1
184,[33],42,0.19201689958572388,1
184,[33],43,0.18473100662231445,1
184,[33],44,0.2990114390850067,0
184,[33],45,0.29585739970207214,0
184,[33],46,0.4093880355358124,0
184,[33],47,0.18356245756149292,1
184,[33],48,0.12876436114311218,1
184,[33],49,0.08038945496082306,1
184,[33],50,0.31609946489334106,1
184,[33],51,0.331498384475708,1
184,[33],52,0.17094145715236664,1
184,[33],53,0.13515542447566986,1
184,[33],54,0.22483600676059723,0
184,[33],55,0.4411454200744629,0
184,[33],56,0.2970498204231262,0
184,[33],57,0.09362465143203735,1
184,[33],58,0.054265838116407394,1
184,[33],59,0.6451600790023804,0
185,[41],0,0.2423659861087799,0
185,[41],1,0.3599766194820404,0
185,[41],2,0.18698088824748993,1
185,[41],3,0.19104817509651184,0
185,[41],4,0.26809537410736084,1
185,[41],5,0.10111308842897415,1
185,[41],6,0.6297555565834045,0
185,[41],7,0.48948755860328674,0
185,[41],8,0.1325698047876358,1
185,[41],9,0.24052762985229492,0
185,[41],10,0.3136572539806366,0
185,[41],11,0.1824946403503418,1
185,[41],12,0.14712631702423096,1
185,[41],13,0.5627692937850952,0
185,[41],14,0.3972686231136322,0
185,[41],15,0.14877472817897797,1
185,[41],16,0.29453083872795105,0
185,[41],17,0.2992376387119293,1
185,[41],18,0.32922428846359253,1
185,[41],19,0.30147024989128113,0
185,[41],20,0.31624963879585266,0
185,[41],21,1.1102713346481323,0
185,[41],22,0.4109365940093994,0
185,[41],23,1.3207441568374634,0
185,[41],24,0.1892627328634262,1
185,[41],25,0.21504053473472595,0
185,[41],26,0.34519895911216736,1
185,[41],27,0.12797130644321442,1
185,[41],28,0.49752533435821533,0
185,[41],29,0.2227003127336502,1
185,[41],30,0.2151472568511963,1
185,[41],31,0.28277280926704407,0
185,[41],32,0.27293530106544495,0
185,[41],33,0.2956448793411255,0
185,[41],34,0.25849467515945435,0
185,[41],35,0.3065912127494812,0
185,[41],36,0.27352118492126465,0
185,[41],37,0.20570018887519836,0
185,[41],38,0.3147538900375366,0
185,[41],39,0.4834604859352112,0
185,[41],40,0.3224758505821228,0
185,[41],42,0.055664580315351486,1
185,[41],43,0.21353618800640106,1
185,[41],44,0.23185350000858307,1
185,[41],45,0.16369985044002533,1
185,[41],46,0.41898414492607117,0
185,[41],47,0.22914761304855347,0
185,[41],48,0.2221699059009552,0
185,[41],49,0.14214980602264404,1
185,[41],50,0.43162965774536133,0
185,[41],51,0.4360496401786804,0
185,[41],52,0.1551780104637146,0
185,[41],53,0.1234808936715126,1
185,[41],54,0.1924457848072052,1
185,[41],55,0.5238403081893921,0
185,[41],56,0.3663639724254608,0
185,[41],57,0.29711008071899414,1
185,[41],58,0.14187049865722656,1
185,[41],59,0.731834888458252,0
186,[4],0,0.14003947377204895,1
186,[4],1,0.14116887748241425,1
186,[4],2,0.11193329095840454,1
186,[4],3,0.06083036586642265,1
186,[4],5,0.02721150405704975,1
186,[4],6,0.34021830558776855,0
186,[4],7,0.15109016001224518,1
186,[4],8,0.05344463512301445,1
186,[4],9,0.2963252663612366,0
186,[4],10,0.2589779496192932,0
186,[4],11,0.13476261496543884,0
186,[4],12,0.07105424255132675,1
186,[4],13,0.14144206047058105,1
186,[4],14,0.13492998480796814,1
186,[4],15,0.12813977897167206,1
186,[4],16,0.1431867927312851,1
186,[4],17,0.13471730053424835,1
186,[4],18,0.12789437174797058,1
186,[4],19,0.11165079474449158,1
186,[4],20,0.1911979466676712,0
186,[4],21,0.24534212052822113,0
186,[4],22,0.2000221312046051,0
186,[4],23,0.8051243424415588,0
186,[4],24,0.06643182784318924,1
186,[4],25,0.07542601972818375,1
186,[4],26,0.21325986087322235,1
186,[4],27,0.06993546336889267,1
186,[4],28,0.2716887593269348,0
186,[4],29,0.1468563675880432,1
186,[4],30,0.18540708720684052,0
186,[4],31,0.23684599995613098,0
186,[4],32,0.2509703040122986,0
186,[4],33,0.24289655685424805,0
186,[4],34,0.11002995818853378,1
186,[4],35,0.13821078836917877,0
186,[4],36,0.16228386759757996,1
186,[4],37,0.1441642791032791,1
186,[4],38,0.4034501314163208,0
186,[4],39,0.26855435967445374,0
186,[4],40,0.29821842908859253,0
186,[4],41,0.17151929438114166,1
186,[4],42,0.10765006393194199,1
186,[4],43,0.11371978372335434,1
186,[4],44,0.14307935535907745,0
186,[4],45,0.09095180779695511,1
186,[4],46,0.31717729568481445,0
186,[4],47,0.10315605252981186,1
186,[4],48,0.19683972001075745,0
186,[4],49,0.09536401927471161,1
186,[4],50,0.4153521955013275,0
186,[4],51,0.4690297245979309,0
186,[4],52,0.12932606041431427,1
186,[4],53,0.10207504034042358,1
186,[4],54,0.06396152824163437,1
186,[4],55,0.07194044440984726,1
186,[4],56,0.12790623307228088,1
186,[4],57,0.12469494342803955,1
186,[4],58,0.05051497370004654,1
186,[4],59,0.7265755534172058,0
187,[50],0,0.25563353300094604,0
187,[50],1,0.5292936563491821,0
187,[50],2,0.31286242604255676,0
187,[50],3,0.14098916947841644,0
187,[50],4,0.25732776522636414,1
187,[50],5,0.14547879993915558,0
187,[50],6,0.2823692262172699,1
187,[50],7,0.45886707305908203,0
187,[50],8,0.16551266610622406,1
187,[50],9,0.3880946934223175,0
187,[50],10,0.2529171109199524,0
187,[50],11,0.15860870480537415,1
187,[50],12,0.16480588912963867,1
187,[50],13,0.5769137740135193,0
187,[50],14,0.17122623324394226,1
187,[50],15,0.29525861144065857,0
187,[50],16,0.4533354640007019,0
187,[50],17,0.4200589954853058,1
187,[50],18,0.3974510431289673,1
187,[50],19,0.3188580274581909,0
187,[50],20,0.2412685602903366,1
187,[50],21,0.4692121148109436,0
187,[50],22,0.3479548692703247,1
187,[50],23,0.7999368906021118,0
187,[50],24,0.17037801444530487,1
187,[50],25,0.1614571213722229,1
187,[50],26,0.22280879318714142,1
187,[50],27,0.05685412883758545,1
187,[50],28,0.5553837418556213,0
187,[50],29,0.12502606213092804,1
187,[50],30,0.35256996750831604,0
187,[50],31,0.30294865369796753,0
187,[50],32,0.3155633807182312,0
187,[50],33,0.3133030831813812,0
187,[50],34,0.31969961524009705,0
187,[50],35,0.1570957601070404,1
187,[50],36,0.44645461440086365,0
187,[50],37,0.12394515424966812,1
187,[50],38,0.4378340542316437,0
187,[50],39,0.6416313648223877,0
187,[50],40,0.1166885495185852,1
187,[50],41,0.2550677955150604,1
187,[50],42,0.18723087012767792,1
187,[50],43,0.18243692815303802,1
187,[50],44,0.23053431510925293,1
187,[50],45,0.282486230134964,0
187,[50],46,0.5873167514801025,0
187,[50],47,0.120274119079113,1
187,[50],48,0.22305242717266083,1
187,[50],49,0.07740689814090729,1
187,[50],51,0.04439437761902809,1
187,[50],52,0.16572196781635284,1
187,[50],53,0.1393432468175888,1
187,[50],54,0.23836426436901093,1
187,[50],55,0.516136109828949,0
187,[50],56,0.21762029826641083,0
187,[50],57,0.1657300442457199,1
187,[50],58,0.06752492487430573,1
187,[50],59,0.40147915482521057,0
188,[56],0,0.14319026470184326,0
188,[56],1,0.15849746763706207,1
188,[56],2,0.10730790346860886,1
188,[56],3,0.04924826696515083,1
188,[56],4,0.059354692697525024,1
188,[56],5,0.06359860301017761,1
188,[56],6,0.34804195165634155,0
188,[56],7,0.163796529173851,1
188,[56],8,0.04848499223589897,1
188,[56],9,0.2364867478609085,0
188,[56],10,0.2477300465106964,0
188,[56],11,0.13563546538352966,0
188,[56],12,0.16082872450351715,1
188,[56],13,0.20533660054206848,1
188,[56],14,0.11217661201953888,1
188,[56],15,0.06817791610956192,1
188,[56],16,0.18796482682228088,1
188,[56],17,0.15660320222377777,1
188,[56],18,0.17175079882144928,1
188,[56],19,0.10069634765386581,1
188,[56],20,0.13936839997768402,1
188,[56],21,0.24063554406166077,0
188,[56],22,0.25315964221954346,0
188,[56],23,0.8653494119644165,0
188,[56],24,0.06010255962610245,1
188,[56],25,0.0741080492734909,1
188,[56],26,0.20380420982837677,0
188,[56],27,0.0669577345252037,1
188,[56],28,0.2504768669605255,0
188,[56],29,0.09327731281518936,1
188,[56],30,0.18492452800273895,0
188,[56],31,0.19084107875823975,0
188,[56],32,0.23480039834976196,0
188,[56],33,0.20261186361312866,0
188,[56],34,0.16867733001708984,0
188,[56],35,0.12647226452827454,1
188,[56],36,0.1394495964050293,1
188,[56],37,0.13526511192321777,1
188,[56],38,0.41392257809638977,0
188,[56],39,0.2412114441394806,0
188,[56],40,0.31583964824676514,0
188,[56],41,0.19656842947006226,0
188,[56],42,0.1081153154373169,1
188,[56],43,0.1631344109773636,1
188,[56],44,0.15422461926937103,0
188,[56],45,0.08115534484386444,1
188,[56],46,0.35982248187065125,0
188,[56],47,0.10047969967126846,1
188,[56],48,0.12082331627607346,1
188,[56],49,0.1156729906797409,1
188,[56],50,0.38960719108581543,0
188,[56],51,0.42628878355026245,0
188,[56],52,0.102547787129879,1
188,[56],53,0.07762180268764496,1
188,[56],54,0.0759519636631012,1
188,[56],55,0.0569135956466198,1
188,[56],57,0.09246805310249329,1
188,[56],58,0.03348406031727791,1
188,[56],59,0.24357210099697113,0
189,[55],0,0.1563868373632431,1
189,[55],1,0.27758991718292236,0
189,[55],2,0.1537518948316574,1
189,[55],3,0.11668425053358078,1
189,[55],4,0.17925938963890076,0
189,[55],5,0.10645359009504318,0
189,[55],6,0.4245261549949646,0
189,[55],7,0.31815144419670105,0
189,[55],8,0.12217728048563004,1
189,[55],9,0.25288063287734985,0
189,[55],10,0.1775715947151184,0
189,[55],11,0.12090452760457993,1
189,[55],12,0.12732942402362823,1
189,[55],13,0.34412750601768494,0
189,[55],14,0.11483311653137207,1
189,[55],15,0.13619816303253174,1
189,[55],16,0.21882185339927673,1
189,[55],17,0.2114611268043518,1
189,[55],18,0.19446295499801636,1
189,[55],19,0.11675325781106949,1
189,[55],20,0.16502857208251953,1
189,[55],21,0.2938675284385681,0
189,[55],22,0.17740163207054138,1
189,[55],23,0.7283260226249695,0
189,[55],24,0.10894516855478287,1
189,[55],25,0.09045456349849701,1
189,[55],26,0.2099086046218872,1
189,[55],27,0.09735366702079773,1
189,[55],28,0.3810894191265106,0
189,[55],29,0.07477609813213348,1
189,[55],30,0.20720379054546356,1
189,[55],31,0.22870489954948425,0
189,[55],32,0.22447821497917175,0
189,[55],33,0.2278500646352768,0
189,[55],34,0.21670414507389069,0
189,[55],35,0.2087509036064148,0
189,[55],36,0.293485164642334,0
189,[55],37,0.15569421648979187,0
189,[55],38,0.35128915309906006,0
189,[55],39,0.3880137801170349,0
189,[55],40,0.2534826099872589,0
189,[55],41,0.1885858178138733,1
189,[55],42,0.13930584490299225,1
189,[55],43,0.1462751179933548,1
189,[55],44,0.18629056215286255,1
189,[55],45,0.19687949120998383,0
189,[55],46,0.43798840045928955,0
189,[55],47,0.17266711592674255,1
189,[55],48,0.1459421068429947,1
189,[55],49,0.11788981407880783,1
189,[55],50,0.35829710960388184,0
189,[55],51,0.3781936764717102,0
189,[55],52,0.13359960913658142,1
189,[55],53,0.110369972884655,1
189,[55],54,0.11091369390487671,1
189,[55],56,0.14667975902557373,1
189,[55],57,0.09980164468288422,1
189,[55],58,0.0596708282828331,1
189,[55],59,0.45322859287261963,0
190,[45],0,0.21264846622943878,0
190,[45],1,0.19228971004486084,1
190,[45],2,0.1386769711971283,1
190,[45],3,0.1409413367509842,1
190,[45],4,0.18095074594020844,1
190,[45],5,0.07698582112789154,1
190,[45],6,0.5524423718452454,0
190,[45],7,0.3121662437915802,0
190,[45],8,0.07656029611825943,1
190,[45],9,0.3698352575302124,0
190,[45],10,0.26879480481147766,0
190,[45],11,0.09227006882429123,1
190,[45],12,0.17560024559497833,1
190,[45],13,0.4932454228401184,0
190,[45],14,0.243189737200737,1
190,[45],15,0.13188038766384125,1
190,[45],16,0.3551173806190491,0
190,[45],17,0.35841861367225647,1
190,[45],18,0.36217978596687317,1
190,[45],19,0.13098138570785522,1
190,[45],20,0.24502049386501312,0
190,[45],21,0.43651047348976135,0
190,[45],22,0.2882707715034485,0
190,[45],23,1.0793309211730957,0
190,[45],24,0.14214059710502625,1
190,[45],25,0.154316246509552,1
190,[45],26,0.31816285848617554,0
190,[45],27,0.08931120485067368,1
190,[45],28,0.3526277542114258,0
190,[45],29,0.1723555326461792,1
190,[45],30,0.2578112483024597,0
190,[45],31,0.2935868799686432,0
190,[45],32,0.3288481831550598,0
190,[45],33,0.3093528151512146,0
190,[45],34,0.2931206226348877,0
190,[45],35,0.17021477222442627,0
190,[45],36,0.20954015851020813,0
190,[45],37,0.17372335493564606,1
190,[45],38,0.2656244933605194,0
190,[45],39,0.4522845447063446,0
190,[45],40,0.4269181191921234,0
190,[45],41,0.13697129487991333,1
190,[45],42,0.12118658423423767,1
190,[45],43,0.1259833127260208,1
190,[45],44,0.26061928272247314,0
190,[45],46,0.4817725419998169,0
190,[45],47,0.1495724320411682,1
190,[45],48,0.22087222337722778,0
190,[45],49,0.19482538104057312,1
190,[45],50,0.388484388589859,0
190,[45],51,0.42745351791381836,0
190,[45],52,0.16457892954349518,1
190,[45],53,0.13552123308181763,1
190,[45],54,0.14298048615455627,1
190,[45],55,0.13628076016902924,1
190,[45],56,0.16511939465999603,1
190,[45],57,0.280805379152298,1
190,[45],58,0.0846962034702301,1
190,[45],59,0.7106931209564209,0
191,[55],0,0.1563868373632431,1
191,[55],1,0.27758991718292236,0
191,[55],2,0.1537518948316574,1
191,[55],3,0.11668425053358078,1
191,[55],4,0.17925938963890076,0
191,[55],5,0.10645359009504318,0
191,[55],6,0.4245261549949646,0
191,[55],7,0.31815144419670105,0
191,[55],8,0.12217728048563004,1
191,[55],9,0.25288063287734985,0
191,[55],10,0.1775715947151184,0
191,[55],11,0.12090452760457993,1
191,[55],12,0.12732942402362823,1
191,[55],13,0.34412750601768494,0
191,[55],14,0.11483311653137207,1
191,[55],15,0.13619816303253174,1
191,[55],16,0.21882185339927673,1
191,[55],17,0.2114611268043518,1
191,[55],18,0.19446295499801636,1
191,[55],19,0.11675325781106949,1
191,[55],20,0.16502857208251953,1
191,[55],21,0.2938675284385681,0
191,[55],22,0.17740163207054138,1
191,[55],23,0.7283260226249695,0
191,[55],24,0.10894516855478287,1
191,[55],25,0.09045456349849701,1
191,[55],26,0.2099086046218872,1
191,[55],27,0.09735366702079773,1
191,[55],28,0.3810894191265106,0
191,[55],29,0.07477609813213348,1
191,[55],30,0.20720379054546356,1
191,[55],31,0.22870489954948425,0
191,[55],32,0.22447821497917175,0
191,[55],33,0.2278500646352768,0
191,[55],34,0.21670414507389069,0
191,[55],35,0.2087509036064148,0
191,[55],36,0.293485164642334,0
191,[55],37,0.15569421648979187,0
191,[55],38,0.35128915309906006,0
191,[55],39,0.3880137801170349,0
191,[55],40,0.2534826099872589,0
191,[55],41,0.1885858178138733,1
191,[55],42,0.13930584490299225,1
191,[55],43,0.1462751179933548,1
191,[55],44,0.18629056215286255,1
191,[55],45,0.19687949120998383,0
191,[55],46,0.43798840045928955,0
191,[55],47,0.17266711592674255,1
191,[55],48,0.1459421068429947,1
191,[55],49,0.11788981407880783,1
191,[55],50,0.35829710960388184,0
191,[55],51,0.3781936764717102,0
191,[55],52,0.13359960913658142,1
191,[55],53,0.110369972884655,1
191,[55],54,0.11091369390487671,1
191,[55],56,0.14667975902557373,1
191,[55],57,0.09980164468288422,1
191,[55],58,0.0596708282828331,1
191,[55],59,0.45322859287261963,0
192,[49],0,0.6001023054122925,0
192,[49],1,0.9205232262611389,0
192,[49],2,0.33529821038246155,0
192,[49],3,0.14678402245044708,0
192,[49],4,0.36729058623313904,1
192,[49],5,0.20461595058441162,0
192,[49],6,1.1391208171844482,0
192,[49],7,0.6671640872955322,0
192,[49],8,0.1618620604276657,1
192,[49],9,0.4829445481300354,0
192,[49],10,0.3136657178401947,0
192,[49],11,0.16942383348941803,1
192,[49],12,0.10169849544763565,1
192,[49],13,0.537115216255188,0
192,[49],14,0.3009108901023865,1
192,[49],15,0.16477881371974945,1
192,[49],16,0.346422404050827,0
192,[49],17,0.33812105655670166,0
192,[49],18,0.33799871802330017,0
192,[49],19,0.3777120113372803,0
192,[49],20,0.21892544627189636,1
192,[49],21,0.7521479725837708,0
192,[49],22,0.4378593862056732,1
192,[49],23,0.6459903120994568,0
192,[49],24,0.28833407163619995,0
192,[49],25,0.25864917039871216,0
192,[49],26,0.35903361439704895,1
192,[49],27,0.06510817259550095,1
192,[49],28,0.5960887670516968,0
192,[49],29,0.1343608945608139,1
192,[49],30,0.2117924839258194,1
192,[49],31,0.42395395040512085,0
192,[49],32,0.34845876693725586,0
192,[49],33,0.42639076709747314,0
192,[49],34,0.2051142007112503,0
192,[49],35,0.5935804843902588,0
192,[49],36,0.2695949375629425,0
192,[49],37,0.3147730827331543,0
192,[49],38,0.3292473554611206,0
192,[49],39,0.7466671466827393,0
192,[49],40,0.09877156466245651,1
192,[49],41,0.3565007448196411,0
192,[49],42,0.2815313935279846,0
192,[49],43,0.24072296917438507,0
192,[49],44,0.27283036708831787,0
192,[49],45,0.5256348252296448,0
192,[49],46,0.7223367094993591,0
192,[49],47,0.07557198405265808,1
192,[49],48,0.07187585532665253,1
192,[49],50,0.33056068420410156,1
192,[49],51,0.3519296944141388,1
192,[49],52,0.08890445530414581,1
192,[49],53,0.06940347701311111,1
192,[49],54,0.42058756947517395,0
192,[49],55,0.567558765411377,0
192,[49],56,0.4478386342525482,0
192,[49],57,0.16261309385299683,1
192,[49],58,0.12198460847139359,1
192,[49],59,0.761596143245697,0
193,[8],0,0.17855514585971832,1
193,[8],1,0.1873830109834671,1
193,[8],2,0.08458299189805984,1
193,[8],3,0.0902840718626976,1
193,[8],4,0.1479114592075348,1
193,[8],5,0.04685910418629646,1
193,[8],6,0.6166874170303345,0
193,[8],7,0.18560996651649475,1
193,[8],9,0.2505709230899811,1
193,[8],10,0.14504989981651306,1
193,[8],11,0.07769720256328583,1
193,[8],12,0.10135358572006226,1
193,[8],13,0.15233969688415527,1
193,[8],14,0.07514350116252899,1
193,[8],15,0.09147894382476807,1
193,[8],16,0.1865316927433014,1
193,[8],17,0.14774268865585327,1
193,[8],18,0.14663590490818024,1
193,[8],19,0.1378520280122757,1
193,[8],20,0.1973978728055954,1
193,[8],21,0.34075626730918884,0
193,[8],22,0.2687596082687378,1
193,[8],23,0.8259626030921936,0
193,[8],24,0.07980111241340637,1
193,[8],25,0.09069733321666718,1
193,[8],26,0.18951568007469177,1
193,[8],27,0.05515284091234207,1
193,[8],28,0.31738296151161194,0
193,[8],29,0.08482328057289124,1
193,[8],30,0.24342083930969238,0
193,[8],31,0.20469912886619568,0
193,[8],32,0.22901374101638794,0
193,[8],33,0.21266043186187744,0
193,[8],34,0.2721894085407257,0
193,[8],35,0.14932705461978912,1
193,[8],36,0.1428133249282837,1
193,[8],37,0.21333809196949005,0
193,[8],38,0.13388265669345856,1
193,[8],39,0.32653453946113586,0
193,[8],40,0.2648751139640808,0
193,[8],41,0.127403125166893,1
193,[8],42,0.07189486920833588,1
193,[8],43,0.12509088218212128,1
193,[8],44,0.09903767704963684,1
193,[8],45,0.10556945204734802,1
193,[8],46,0.4100779592990875,0
193,[8],47,0.09159927070140839,1
193,[8],48,0.22193412482738495,0
193,[8],49,0.08095929026603699,1
193,[8],50,0.3708028495311737,0
193,[8],51,0.36490240693092346,1
193,[8],52,0.1307440549135208,1
193,[8],53,0.09394348412752151,1
193,[8],54,0.10532766580581665,1
193,[8],55,0.1247054934501648,1
193,[8],56,0.08567845821380615,1
193,[8],57,0.17367923259735107,1
193,[8],58,0.038692768663167953,1
193,[8],59,0.499727725982666,0
194,[5],0,0.2799654006958008,0
194,[5],1,0.18576033413410187,0
194,[5],2,0.09488850086927414,1
194,[5],3,0.09114908427000046,1
194,[5],4,0.19827981293201447,1
194,[5],6,0.427901953458786,0
194,[5],7,0.19817835092544556,1
194,[5],8,0.06449113041162491,1
194,[5],9,0.2383764237165451,0
194,[5],10,0.2940669059753418,0
194,[5],11,0.10285113751888275,1
194,[5],12,0.12908263504505157,1
194,[5],13,0.21192629635334015,1
194,[5],14,0.1776743233203888,1
194,[5],15,0.12995365262031555,1
194,[5],16,0.19283223152160645,1
194,[5],17,0.19561271369457245,1
194,[5],18,0.1884576380252838,1
194,[5],19,0.10629862546920776,1
194,[5],20,0.23600980639457703,0
194,[5],21,0.37787023186683655,0
194,[5],22,0.3076951801776886,0
194,[5],23,0.7320541143417358,0
194,[5],24,0.11098586022853851,1
194,[5],25,0.11222171783447266,1
194,[5],26,0.2638722360134125,1
194,[5],27,0.11078646779060364,1
194,[5],28,0.3320651650428772,0
194,[5],29,0.09135694056749344,1
194,[5],30,0.23632948100566864,0
194,[5],31,0.2986603081226349,0
194,[5],32,0.29994872212409973,0
194,[5],33,0.3149794340133667,0
194,[5],34,0.14433492720127106,0
194,[5],35,0.17852051556110382,0
194,[5],36,0.13820675015449524,1
194,[5],37,0.16712619364261627,0
194,[5],38,0.42203155159950256,0
194,[5],39,0.32524240016937256,0
194,[5],40,0.2609238624572754,0
194,[5],41,0.19985431432724,0
194,[5],42,0.13980485498905182,1
194,[5],43,0.23279698193073273,1
194,[5],44,0.13111229240894318,1
194,[5],45,0.1449022889137268,1
194,[5],46,0.43525969982147217,0
194,[5],47,0.19129876792430878,0
194,[5],48,0.16934576630592346,0
194,[5],49,0.09354695677757263,1
194,[5],50,0.3717350661754608,0
194,[5],51,0.43124303221702576,0
194,[5],52,0.12438075244426727,1
194,[5],53,0.09308964014053345,1
194,[5],54,0.07666072994470596,1
194,[5],55,0.11699696630239487,1
194,[5],56,0.2765594720840454,0
194,[5],57,0.22675228118896484,1
194,[5],58,0.06860032677650452,1
194,[5],59,0.3882518708705902,0
195,[24],0,0.20560185611248016,0
195,[24],1,0.30011409521102905,0
195,[24],2,0.11969713121652603,1
195,[24],3,0.07888443768024445,1
195,[24],4,0.08854736387729645,1
195,[24],5,0.05178593099117279,1
195,[24],6,0.30259034037590027,0
195,[24],7,0.3025110960006714,0
195,[24],8,0.044909507036209106,1
195,[24],9,0.2655760645866394,0
195,[24],10,0.19503076374530792,0
195,[24],11,0.06350556761026382,1
195,[24],12,0.09145477414131165,1
195,[24],13,0.25302305817604065,1
195,[24],14,0.1346741020679474,1
195,[24],15,0.09271702170372009,1
195,[24],16,0.09755801409482956,1
195,[24],17,0.10620730370283127,1
195,[24],18,0.09941866248846054,1
195,[24],19,0.14738541841506958,1
195,[24],20,0.20980821549892426,0
195,[24],21,0.2514974772930145,0
195,[24],22,0.1015496626496315,1
195,[24],23,0.5536649227142334,0
195,[24],25,0.019019443541765213,1
195,[24],26,0.23857927322387695,1
195,[24],27,0.07196012884378433,1
195,[24],28,0.3031451404094696,0
195,[24],29,0.07268063724040985,1
195,[24],30,0.15065427124500275,1
195,[24],31,0.190261110663414,0
195,[24],32,0.16834689676761627,0
195,[24],33,0.19259017705917358,0
195,[24],34,0.13347682356834412,1
195,[24],35,0.3102262020111084,0
195,[24],36,0.17944039404392242,0
195,[24],37,0.1561204493045807,1
195,[24],38,0.30062833428382874,0
195,[24],39,0.293598473072052,0
195,[24],40,0.2966896891593933,0
195,[24],41,0.20547331869602203,0
195,[24],42,0.14142268896102905,1
195,[24],43,0.14404596388339996,1
195,[24],44,0.15090367197990417,0
195,[24],45,0.10368640720844269,1
195,[24],46,0.3241468071937561,0
195,[24],47,0.2116512805223465,0
195,[24],48,0.10098220407962799,1
195,[24],49,0.10916803777217865,1
195,[24],50,0.3667515218257904,0
195,[24],51,0.3913581669330597,0
195,[24],52,0.15904274582862854,1
195,[24],53,0.133239284157753,1
195,[24],54,0.07400918006896973,1
195,[24],55,0.09529920667409897,1
195,[24],56,0.14080557227134705,1
195,[24],57,0.12198162078857422,1
195,[24],58,0.028021179139614105,1
195,[24],59,0.44327932596206665,0
196,[9],0,0.2892041504383087,0
196,[9],1,0.4953877031803131,0
196,[9],2,0.30183109641075134,0
196,[9],3,0.13729356229305267,0
196,[9],4,0.22922532260417938,1
196,[9],5,0.13471084833145142,0
196,[9],6,0.7225950956344604,0
196,[9],7,0.5038354396820068,0
196,[9],8,0.20685672760009766,1
196,[9],10,0.23034469783306122,0
196,[9],11,0.13972072303295135,1
196,[9],12,0.1749846488237381,1
196,[9],13,0.4300411641597748,0
196,[9],14,0.1290569007396698,1
196,[9],15,0.09163462370634079,1
196,[9],16,0.3248259723186493,0
196,[9],17,0.3150111436843872,0
196,[9],18,0.32128486037254333,0
196,[9],19,0.2648594379425049,0
196,[9],20,0.2113330066204071,0
196,[9],21,0.7471870183944702,0
196,[9],22,0.3535923361778259,0
196,[9],23,0.9376248717308044,0
196,[9],24,0.19377712905406952,0
196,[9],25,0.17040212452411652,0
196,[9],26,0.28597667813301086,1
196,[9],27,0.05943244323134422,1
196,[9],28,0.2982198894023895,0
196,[9],29,0.11615097522735596,1
196,[9],30,0.1729448288679123,1
196,[9],31,0.2962692081928253,0
196,[9],32,0.2438843548297882,0
196,[9],33,0.2929699420928955,0
196,[9],34,0.14914734661579132,0
196,[9],35,0.471904456615448,0
196,[9],36,0.13088330626487732,1
196,[9],37,0.23403425514698029,0
196,[9],38,0.1768990010023117,0
196,[9],39,0.45388439297676086,0
196,[9],40,0.171871155500412,1
196,[9],41,0.2064240574836731,0
196,[9],42,0.1934041976928711,1
196,[9],43,0.2339245080947876,0
196,[9],44,0.30332934856414795,0
196,[9],45,0.17278863489627838,0
196,[9],46,0.2851743996143341,0
196,[9],47,0.0885838121175766,1
196,[9],48,0.09664756804704666,1
196,[9],49,0.14982765913009644,1
196,[9],50,0.3501908779144287,0
196,[9],51,0.3523128032684326,0
196,[9],52,0.20450459420681,0
196,[9],53,0.15992514789104462,0
196,[9],54,0.14363671839237213,1
196,[9],55,0.4166104197502136,0
196,[9],56,0.28317418694496155,0
196,[9],57,0.2122686505317688,1
196,[9],58,0.09270337969064713,1
196,[9],59,0.4278331995010376,0
197,[34],0,0.36257094144821167,0
197,[34],1,0.6189292669296265,0
197,[34],2,0.37068378925323486,0
197,[34],3,0.15012624859809875,0
197,[34],4,0.281085729598999,0
197,[34],5,0.11791165918111801,1
197,[34],6,0.3618777394294739,0
197,[34],7,0.6005351543426514,0
197,[34],8,0.1525591015815735,1
197,[34],9,0.39574384689331055,0
197,[34],10,0.1591358482837677,0
197,[34],11,0.1303410530090332,1
197,[34],12,0.16098642349243164,1
197,[34],13,0.5913802981376648,0
197,[34],14,0.19075195491313934,0
197,[34],15,0.20647777616977692,0
197,[34],16,0.49555981159210205,0
197,[34],17,0.4528009295463562,0
197,[34],18,0.4635758399963379,0
197,[34],19,0.2864209711551666,0
197,[34],20,0.30452704429626465,0
197,[34],21,0.5960351824760437,0
197,[34],22,0.3298647403717041,1
197,[34],23,0.650549590587616,0
197,[34],24,0.20023134350776672,0
197,[34],25,0.2268204689025879,0
197,[34],26,0.3186110854148865,1
197,[34],27,0.056604571640491486,1
197,[34],28,0.4518378674983978,0
197,[34],29,0.08937680721282959,1
197,[34],30,0.2148466557264328,1
197,[34],31,0.306490957736969,0
197,[34],32,0.3144339323043823,0
197,[34],33,0.29551395773887634,0
197,[34],35,0.32503557205200195,0
197,[34],36,0.2389981746673584,0
197,[34],37,0.16304846107959747,1
197,[34],38,0.26446810364723206,0
197,[34],39,0.3580414354801178,0
197,[34],40,0.11328397691249847,1
197,[34],41,0.22539697587490082,0
197,[34],42,0.20139433443546295,0
197,[34],43,0.2535274028778076,0
197,[34],44,0.3371163010597229,1
197,[34],45,0.26161038875579834,0
197,[34],46,0.3462313711643219,0
197,[34],47,0.2034817934036255,1
197,[34],48,0.06623150408267975,1
197,[34],49,0.06081987917423248,1
197,[34],50,0.22301538288593292,1
197,[34],51,0.2665341794490814,1
197,[34],52,0.17575785517692566,0
197,[34],53,0.13090534508228302,1
197,[34],54,0.1424865424633026,1
197,[34],55,0.4661111831665039,0
197,[34],56,0.34932613372802734,0
197,[34],57,0.10424195975065231,1
197,[34],58,0.07201551645994186,1
197,[34],59,0.36518529057502747,0
198,[39],0,0.2705056667327881,0
198,[39],1,0.2934028208255768,0
198,[39],2,0.24384115636348724,1
198,[39],3,0.13411101698875427,1
198,[39],4,0.22333501279354095,1
198,[39],5,0.10771369934082031,1
198,[39],6,0.6547280550003052,0
198,[39],7,0.49844932556152344,0
198,[39],8,0.16745169460773468,1
198,[39],9,0.3345695436000824,0
198,[39],10,0.40280279517173767,0
198,[39],11,0.17685720324516296,1
198,[39],12,0.16730819642543793,1
198,[39],13,0.5395890474319458,0
198,[39],14,0.3328917324542999,1
198,[39],15,0.166185662150383,1
198,[39],16,0.40409767627716064,0
198,[39],17,0.34979620575904846,1
198,[39],18,0.3813268840312958,1
198,[39],19,0.23270243406295776,1
198,[39],20,0.40482741594314575,0
198,[39],21,0.8304258584976196,0
198,[39],22,0.39002054929733276,1
198,[39],23,1.1436923742294312,0
198,[39],24,0.20943398773670197,1
198,[39],25,0.18470188975334167,1
198,[39],26,0.37759652733802795,1
198,[39],27,0.14331920444965363,1
198,[39],28,0.5461599230766296,0
198,[39],29,0.26234981417655945,1
198,[39],30,0.3105080723762512,1
198,[39],31,0.443548321723938,0
198,[39],32,0.4117964804172516,0
198,[39],33,0.4489545226097107,0
198,[39],34,0.2926430106163025,0
198,[39],35,0.37109214067459106,0
198,[39],36,0.2973816990852356,0
198,[39],37,0.19042685627937317,1
198,[39],38,0.3847750425338745,0
198,[39],40,0.431673526763916,0
198,[39],41,0.25902730226516724,0
198,[39],42,0.22117185592651367,1
198,[39],43,0.2198966145515442,1
198,[39],44,0.21336184442043304,1
198,[39],45,0.21803855895996094,1
198,[39],46,0.5545110106468201,0
198,[39],47,0.22641979157924652,0
198,[39],48,0.266563355922699,0
198,[39],49,0.16648079454898834,1
198,[39],50,0.4317607879638672,0
198,[39],51,0.4358467161655426,0
198,[39],52,0.17680010199546814,1
198,[39],53,0.1358575075864792,1
198,[39],54,0.20104962587356567,1
198,[39],55,0.36032992601394653,0
198,[39],56,0.37897899746894836,0
198,[39],57,0.35409975051879883,1
198,[39],58,0.10738825052976608,1
198,[39],59,0.6859602928161621,0
199,[31],0,0.402496874332428,0
199,[31],1,0.5258786678314209,0
199,[31],2,0.3245657682418823,0
199,[31],3,0.16312828660011292,0
199,[31],4,0.26016926765441895,0
199,[31],5,0.14246538281440735,0
199,[31],6,0.6250520348548889,0
199,[31],7,0.38255444169044495,0
199,[31],8,0.18143106997013092,0
199,[31],9,0.3673955798149109,0
199,[31],10,0.09613214433193207,1
199,[31],11,0.11562083661556244,1
199,[31],12,0.15969312191009521,0
199,[31],13,0.6704150438308716,0
199,[31],14,0.18767186999320984,1
199,[31],15,0.17049847543239594,1
199,[31],16,0.3877033293247223,0
199,[31],17,0.37427738308906555,0
199,[31],18,0.4174732267856598,0
199,[31],19,0.335938036441803,0
199,[31],20,0.27952948212623596,1
199,[31],21,0.3837915360927582,0
199,[31],22,0.10478858649730682,1
199,[31],23,0.6025076508522034,0
199,[31],24,0.10468871891498566,1
199,[31],25,0.13145756721496582,1
199,[31],26,0.39417073130607605,0
199,[31],27,0.059145841747522354,1
199,[31],28,0.5038015842437744,0
199,[31],29,0.07888447493314743,1
199,[31],30,0.14288179576396942,1
199,[31],32,0.05108775198459625,1
199,[31],33,0.07947053015232086,1
199,[31],34,0.21140730381011963,1
199,[31],35,0.3629113733768463,0
199,[31],36,0.2393481731414795,1
199,[31],37,0.2429284155368805,1
199,[31],38,0.24400374293327332,0
199,[31],39,0.5098910331726074,0
199,[31],40,0.1949000358581543,1
199,[31],41,0.22265850007534027,1
199,[31],42,0.1921302080154419,1
199,[31],43,0.19499678909778595,1
199,[31],44,0.2923717498779297,0
199,[31],45,0.3067862391471863,0
199,[31],46,0.4209398329257965,0
199,[31],47,0.1847417950630188,1
199,[31],48,0.12505990266799927,1
199,[31],49,0.08028902858495712,1
199,[31],50,0.2995167672634125,1
199,[31],51,0.3202337622642517,1
199,[31],52,0.1745593398809433,1
199,[31],53,0.1351180374622345,1
199,[31],54,0.2190794199705124,0
199,[31],55,0.44253507256507874,0
199,[31],56,0.3014768064022064,0
199,[31],57,0.09503581374883652,1
199,[31],58,0.05655408650636673,1
199,[31],59,0.6464059948921204,0
